nSeq;I1;I2;O1;O2;A2
0;0;0;0;0;636
1;0;0;0;0;603
2;0;0;0;0;560
3;0;0;0;0;511
4;0;0;0;0;453
5;0;0;0;0;398
6;0;0;0;0;351
7;0;0;0;0;315
8;0;0;0;0;292
9;0;0;0;0;277
10;0;0;0;0;271
11;0;0;0;0;270
12;0;0;0;0;270
13;0;0;0;0;269
14;0;0;0;0;266
15;0;0;0;0;261
0;0;0;0;0;252
1;0;0;0;0;241
2;0;0;0;0;226
3;0;0;0;0;208
4;0;0;0;0;189
5;0;0;0;0;176
6;0;0;0;0;167
7;0;0;0;0;162
8;0;0;0;0;159
9;0;0;0;0;160
10;0;0;0;0;165
11;0;0;0;0;176
12;0;0;0;0;195
13;0;0;0;0;217
14;0;0;0;0;238
15;0;0;0;0;260
0;0;0;0;0;283
1;0;0;0;0;303
2;0;0;0;0;320
3;0;0;0;0;336
4;0;0;0;0;354
5;0;0;0;0;373
6;0;0;0;0;391
7;0;0;0;0;408
8;0;0;0;0;422
9;0;0;0;0;433
10;0;0;0;0;442
11;0;0;0;0;452
12;0;0;0;0;460
13;0;0;0;0;467
14;0;0;0;0;475
15;0;0;0;0;481
0;0;0;0;0;489
1;0;0;0;0;497
2;0;0;0;0;505
3;0;0;0;0;514
4;0;0;0;0;520
5;0;0;0;0;526
6;0;0;0;0;532
7;0;0;0;0;537
8;0;0;0;0;542
9;0;0;0;0;545
10;0;0;0;0;550
11;0;0;0;0;553
12;0;0;0;0;557
13;0;0;0;0;560
14;0;0;0;0;562
15;0;0;0;0;563
0;0;0;0;0;563
1;0;0;0;0;564
2;0;0;0;0;565
3;0;0;0;0;566
4;0;0;0;0;567
5;0;0;0;0;568
6;0;0;0;0;568
7;0;0;0;0;568
8;0;0;0;0;568
9;0;0;0;0;568
10;0;0;0;0;568
11;0;0;0;0;568
12;0;0;0;0;568
13;0;0;0;0;569
14;0;0;0;0;569
15;0;0;0;0;568
0;0;0;0;0;567
1;0;0;0;0;568
2;0;0;0;0;567
3;0;0;0;0;566
4;0;0;0;0;566
5;0;0;0;0;565
6;0;0;0;0;564
7;0;0;0;0;563
8;0;0;0;0;564
9;0;0;0;0;564
10;0;0;0;0;564
11;0;0;0;0;563
12;0;0;0;0;563
13;0;0;0;0;563
14;0;0;0;0;564
15;0;0;0;0;565
0;0;0;0;0;565
1;0;0;0;0;565
2;0;0;0;0;563
3;0;0;0;0;562
4;0;0;0;0;560
5;0;0;0;0;560
6;0;0;0;0;560
7;0;0;0;0;560
8;0;0;0;0;559
9;0;0;0;0;559
10;0;0;0;0;559
11;0;0;0;0;559
12;0;0;0;0;559
13;0;0;0;0;558
14;0;0;0;0;557
15;0;0;0;0;557
0;0;0;0;0;558
1;0;0;0;0;558
2;0;0;0;0;558
3;0;0;0;0;556
4;0;0;0;0;555
5;0;0;0;0;554
6;0;0;0;0;553
7;0;0;0;0;552
8;0;0;0;0;551
9;0;0;0;0;551
10;0;0;0;0;551
11;0;0;0;0;551
12;0;0;0;0;551
13;0;0;0;0;551
14;0;0;0;0;554
15;0;0;0;0;554
0;0;0;0;0;555
1;0;0;0;0;556
2;0;0;0;0;555
3;0;0;0;0;555
4;0;0;0;0;554
5;0;0;0;0;554
6;0;0;0;0;554
7;0;0;0;0;553
8;0;0;0;0;553
9;0;0;0;0;551
10;0;0;0;0;551
11;0;0;0;0;550
12;0;0;0;0;549
13;0;0;0;0;549
14;0;0;0;0;548
15;0;0;0;0;548
0;0;0;0;0;548
1;0;0;0;0;547
2;0;0;0;0;546
3;0;0;0;0;545
4;0;0;0;0;544
5;0;0;0;0;543
6;0;0;0;0;543
7;0;0;0;0;543
8;0;0;0;0;544
9;0;0;0;0;546
10;0;0;0;0;547
11;0;0;0;0;548
12;0;0;0;0;548
13;0;0;0;0;547
14;0;0;0;0;547
15;0;0;0;0;547
0;0;0;0;0;547
1;0;0;0;0;547
2;0;0;0;0;546
3;0;0;0;0;547
4;0;0;0;0;547
5;0;0;0;0;549
6;0;0;0;0;551
7;0;0;0;0;550
8;0;0;0;0;551
9;0;0;0;0;552
10;0;0;0;0;554
11;0;0;0;0;556
12;0;0;0;0;556
13;0;0;0;0;556
14;0;0;0;0;556
15;0;0;0;0;556
0;0;0;0;0;556
1;0;0;0;0;556
2;0;0;0;0;556
3;0;0;0;0;555
4;0;0;0;0;555
5;0;0;0;0;554
6;0;0;0;0;554
7;0;0;0;0;555
8;0;0;0;0;554
9;0;0;0;0;554
10;0;0;0;0;556
11;0;0;0;0;557
12;0;0;0;0;560
13;0;0;0;0;560
14;0;0;0;0;561
15;0;0;0;0;560
0;0;0;0;0;560
1;0;0;0;0;561
2;0;0;0;0;560
3;0;0;0;0;559
4;0;0;0;0;559
5;0;0;0;0;558
6;0;0;0;0;558
7;0;0;0;0;558
8;0;0;0;0;558
9;0;0;0;0;559
10;0;0;0;0;559
11;0;0;0;0;560
12;0;0;0;0;561
13;0;0;0;0;561
14;0;0;0;0;560
15;0;0;0;0;560
0;0;0;0;0;560
1;0;0;0;0;560
2;0;0;0;0;559
3;0;0;0;0;558
4;0;0;0;0;558
5;0;0;0;0;557
6;0;0;0;0;556
7;0;0;0;0;556
8;0;0;0;0;556
9;0;0;0;0;556
10;0;0;0;0;555
11;0;0;0;0;553
12;0;0;0;0;554
13;0;0;0;0;553
14;0;0;0;0;552
15;0;0;0;0;551
0;0;0;0;0;550
1;0;0;0;0;550
2;0;0;0;0;549
3;0;0;0;0;550
4;0;0;0;0;550
5;0;0;0;0;549
6;0;0;0;0;548
7;0;0;0;0;547
8;0;0;0;0;547
9;0;0;0;0;546
10;0;0;0;0;545
11;0;0;0;0;543
12;0;0;0;0;541
13;0;0;0;0;539
14;0;0;0;0;537
15;0;0;0;0;536
0;0;0;0;0;532
1;0;0;0;0;530
2;0;0;0;0;527
3;0;0;0;0;525
4;0;0;0;0;523
5;0;0;0;0;521
6;0;0;0;0;519
7;0;0;0;0;517
8;0;0;0;0;515
9;0;0;0;0;512
10;0;0;0;0;510
11;0;0;0;0;507
12;0;0;0;0;505
13;0;0;0;0;503
14;0;0;0;0;501
15;0;0;0;0;500
0;0;0;0;0;501
1;0;0;0;0;501
2;0;0;0;0;499
3;0;0;0;0;497
4;0;0;0;0;496
5;0;0;0;0;495
6;0;0;0;0;493
7;0;0;0;0;493
8;0;0;0;0;491
9;0;0;0;0;489
10;0;0;0;0;487
11;0;0;0;0;486
12;0;0;0;0;486
13;0;0;0;0;483
14;0;0;0;0;483
15;0;0;0;0;482
0;0;0;0;0;482
1;0;0;0;0;481
2;0;0;0;0;480
3;0;0;0;0;479
4;0;0;0;0;479
5;0;0;0;0;477
6;0;0;0;0;476
7;0;0;0;0;474
8;0;0;0;0;473
9;0;0;0;0;472
10;0;0;0;0;472
11;0;0;0;0;472
12;0;0;0;0;470
13;0;0;0;0;470
14;0;0;0;0;471
15;0;0;0;0;472
0;0;0;0;0;472
1;0;0;0;0;472
2;0;0;0;0;472
3;0;0;0;0;471
4;0;0;0;0;470
5;0;0;0;0;470
6;0;0;0;0;470
7;0;0;0;0;471
8;0;0;0;0;470
9;0;0;0;0;469
10;0;0;0;0;468
11;0;0;0;0;467
12;0;0;0;0;467
13;0;0;0;0;466
14;0;0;0;0;465
15;0;0;0;0;463
0;0;0;0;0;462
1;0;0;0;0;463
2;0;0;0;0;462
3;0;0;0;0;462
4;0;0;0;0;463
5;0;0;0;0;464
6;0;0;0;0;466
7;0;0;0;0;465
8;0;0;0;0;464
9;0;0;0;0;464
10;0;0;0;0;464
11;0;0;0;0;465
12;0;0;0;0;466
13;0;0;0;0;467
14;0;0;0;0;469
15;0;0;0;0;470
0;0;0;0;0;471
1;0;0;0;0;470
2;0;0;0;0;471
3;0;0;0;0;472
4;0;0;0;0;472
5;0;0;0;0;472
6;0;0;0;0;472
7;0;0;0;0;472
8;0;0;0;0;472
9;0;0;0;0;473
10;0;0;0;0;473
11;0;0;0;0;473
12;0;0;0;0;473
13;0;0;0;0;474
14;0;0;0;0;474
15;0;0;0;0;474
0;0;0;0;0;474
1;0;0;0;0;473
2;0;0;0;0;473
3;0;0;0;0;473
4;0;0;0;0;475
5;0;0;0;0;475
6;0;0;0;0;473
7;0;0;0;0;471
8;0;0;0;0;470
9;0;0;0;0;470
10;0;0;0;0;470
11;0;0;0;0;470
12;0;0;0;0;472
13;0;0;0;0;473
14;0;0;0;0;474
15;0;0;0;0;475
0;0;0;0;0;476
1;0;0;0;0;476
2;0;0;0;0;476
3;0;0;0;0;477
4;0;0;0;0;476
5;0;0;0;0;476
6;0;0;0;0;476
7;0;0;0;0;476
8;0;0;0;0;476
9;0;0;0;0;476
10;0;0;0;0;476
11;0;0;0;0;477
12;0;0;0;0;478
13;0;0;0;0;478
14;0;0;0;0;479
15;0;0;0;0;480
0;0;0;0;0;480
1;0;0;0;0;481
2;0;0;0;0;481
3;0;0;0;0;480
4;0;0;0;0;480
5;0;0;0;0;480
6;0;0;0;0;481
7;0;0;0;0;482
8;0;0;0;0;483
9;0;0;0;0;485
10;0;0;0;0;487
11;0;0;0;0;487
12;0;0;0;0;486
13;0;0;0;0;486
14;0;0;0;0;486
15;0;0;0;0;485
0;0;0;0;0;485
1;0;0;0;0;485
2;0;0;0;0;486
3;0;0;0;0;486
4;0;0;0;0;487
5;0;0;0;0;488
6;0;0;0;0;488
7;0;0;0;0;488
8;0;0;0;0;489
9;0;0;0;0;489
10;0;0;0;0;490
11;0;0;0;0;489
12;0;0;0;0;490
13;0;0;0;0;490
14;0;0;0;0;490
15;0;0;0;0;489
0;0;0;0;0;489
1;0;0;0;0;488
2;0;0;0;0;488
3;0;0;0;0;488
4;0;0;0;0;490
5;0;0;0;0;491
6;0;0;0;0;492
7;0;0;0;0;492
8;0;0;0;0;492
9;0;0;0;0;492
10;0;0;0;0;493
11;0;0;0;0;493
12;0;0;0;0;493
13;0;0;0;0;493
14;0;0;0;0;492
15;0;0;0;0;490
0;0;0;0;0;489
1;0;0;0;0;489
2;0;0;0;0;491
3;0;0;0;0;492
4;0;0;0;0;491
5;0;0;0;0;492
6;0;0;0;0;493
7;0;0;0;0;494
8;0;0;0;0;496
9;0;0;0;0;496
10;0;0;0;0;496
11;0;0;0;0;496
12;0;0;0;0;496
13;0;0;0;0;496
14;0;0;0;0;496
15;0;0;0;0;496
0;0;0;0;0;496
1;0;0;0;0;495
2;0;0;0;0;495
3;0;0;0;0;495
4;0;0;0;0;496
5;0;0;0;0;496
6;0;0;0;0;496
7;0;0;0;0;495
8;0;0;0;0;494
9;0;0;0;0;494
10;0;0;0;0;495
11;0;0;0;0;496
12;0;0;0;0;495
13;0;0;0;0;495
14;0;0;0;0;495
15;0;0;0;0;495
0;0;0;0;0;496
1;0;0;0;0;496
2;0;0;0;0;497
3;0;0;0;0;496
4;0;0;0;0;496
5;0;0;0;0;495
6;0;0;0;0;494
7;0;0;0;0;494
8;0;0;0;0;495
9;0;0;0;0;494
10;0;0;0;0;492
11;0;0;0;0;491
12;0;0;0;0;492
13;0;0;0;0;492
14;0;0;0;0;492
15;0;0;0;0;494
0;0;0;0;0;495
1;0;0;0;0;495
2;0;0;0;0;497
3;0;0;0;0;498
4;0;0;0;0;499
5;0;0;0;0;499
6;0;0;0;0;502
7;0;0;0;0;504
8;0;0;0;0;506
9;0;0;0;0;508
10;0;0;0;0;509
11;0;0;0;0;509
12;0;0;0;0;509
13;0;0;0;0;510
14;0;0;0;0;511
15;0;0;0;0;511
0;0;0;0;0;510
1;0;0;0;0;510
2;0;0;0;0;510
3;0;0;0;0;511
4;0;0;0;0;512
5;0;0;0;0;513
6;0;0;0;0;513
7;0;0;0;0;514
8;0;0;0;0;516
9;0;0;0;0;516
10;0;0;0;0;516
11;0;0;0;0;516
12;0;0;0;0;515
13;0;0;0;0;516
14;0;0;0;0;515
15;0;0;0;0;514
0;0;0;0;0;515
1;0;0;0;0;515
2;0;0;0;0;514
3;0;0;0;0;513
4;0;0;0;0;514
5;0;0;0;0;513
6;0;0;0;0;513
7;0;0;0;0;513
8;0;0;0;0;513
9;0;0;0;0;515
10;0;0;0;0;517
11;0;0;0;0;518
12;0;0;0;0;519
13;0;0;0;0;519
14;0;0;0;0;519
15;0;0;0;0;518
0;0;0;0;0;516
1;0;0;0;0;514
2;0;0;0;0;512
3;0;0;0;0;512
4;0;0;0;0;510
5;0;0;0;0;507
6;0;0;0;0;504
7;0;0;0;0;501
8;0;0;0;0;498
9;0;0;0;0;496
10;0;0;0;0;492
11;0;0;0;0;490
12;0;0;0;0;487
13;0;0;0;0;487
14;0;0;0;0;486
15;0;0;0;0;486
0;0;0;0;0;486
1;0;0;0;0;486
2;0;0;0;0;486
3;0;0;0;0;487
4;0;0;0;0;486
5;0;0;0;0;487
6;0;0;0;0;487
7;0;0;0;0;487
8;0;0;0;0;485
9;0;0;0;0;484
10;0;0;0;0;484
11;0;0;0;0;483
12;0;0;0;0;482
13;0;0;0;0;481
14;0;0;0;0;480
15;0;0;0;0;480
0;0;0;0;0;480
1;0;0;0;0;480
2;0;0;0;0;479
3;0;0;0;0;480
4;0;0;0;0;483
5;0;0;0;0;485
6;0;0;0;0;485
7;0;0;0;0;485
8;0;0;0;0;486
9;0;0;0;0;485
10;0;0;0;0;485
11;0;0;0;0;486
12;0;0;0;0;486
13;0;0;0;0;485
14;0;0;0;0;485
15;0;0;0;0;484
0;0;0;0;0;484
1;0;0;0;0;483
2;0;0;0;0;482
3;0;0;0;0;482
4;0;0;0;0;482
5;0;0;0;0;483
6;0;0;0;0;484
7;0;0;0;0;484
8;0;0;0;0;484
9;0;0;0;0;484
10;0;0;0;0;484
11;0;0;0;0;484
12;0;0;0;0;486
13;0;0;0;0;487
14;0;0;0;0;488
15;0;0;0;0;487
0;0;0;0;0;485
1;0;0;0;0;484
2;0;0;0;0;484
3;0;0;0;0;484
4;0;0;0;0;485
5;0;0;0;0;486
6;0;0;0;0;487
7;0;0;0;0;488
8;0;0;0;0;488
9;0;0;0;0;489
10;0;0;0;0;490
11;0;0;0;0;489
12;0;0;0;0;490
13;0;0;0;0;490
14;0;0;0;0;489
15;0;0;0;0;489
0;0;0;0;0;489
1;0;0;0;0;489
2;0;0;0;0;489
3;0;0;0;0;489
4;0;0;0;0;490
5;0;0;0;0;491
6;0;0;0;0;491
7;0;0;0;0;492
8;0;0;0;0;493
9;0;0;0;0;494
10;0;0;0;0;497
11;0;0;0;0;503
12;0;0;0;0;508
13;0;0;0;0;515
14;0;0;0;0;524
15;0;0;0;0;533
0;0;0;0;0;543
1;0;0;0;0;553
2;0;0;0;0;561
3;0;0;0;0;568
4;0;0;0;0;573
5;0;0;0;0;579
6;0;0;0;0;585
7;0;0;0;0;591
8;0;0;0;0;594
9;0;0;0;0;596
10;0;0;0;0;599
11;0;0;0;0;601
12;0;0;0;0;603
13;0;0;0;0;601
14;0;0;0;0;601
15;0;0;0;0;603
0;0;0;0;0;603
1;0;0;0;0;604
2;0;0;0;0;607
3;0;0;0;0;614
4;0;0;0;0;624
5;0;0;0;0;634
6;0;0;0;0;638
7;0;0;0;0;628
8;0;0;0;0;600
9;0;0;0;0;562
10;0;0;0;0;516
11;0;0;0;0;463
12;0;0;0;0;408
13;0;0;0;0;362
14;0;0;0;0;323
15;0;0;0;0;296
0;0;0;0;0;280
1;0;0;0;0;272
2;0;0;0;0;271
3;0;0;0;0;272
4;0;0;0;0;273
5;0;0;0;0;276
6;0;0;0;0;279
7;0;0;0;0;280
8;0;0;0;0;281
9;0;0;0;0;281
10;0;0;0;0;274
11;0;0;0;0;262
12;0;0;0;0;250
13;0;0;0;0;238
14;0;0;0;0;224
15;0;0;0;0;212
0;0;0;0;0;205
1;0;0;0;0;201
2;0;0;0;0;205
3;0;0;0;0;217
4;0;0;0;0;232
5;0;0;0;0;249
6;0;0;0;0;268
7;0;0;0;0;288
8;0;0;0;0;304
9;0;0;0;0;319
10;0;0;0;0;334
11;0;0;0;0;352
12;0;0;0;0;371
13;0;0;0;0;390
14;0;0;0;0;407
15;0;0;0;0;419
0;0;0;0;0;428
1;0;0;0;0;437
2;0;0;0;0;444
3;0;0;0;0;450
4;0;0;0;0;454
5;0;0;0;0;459
6;0;0;0;0;463
7;0;0;0;0;467
8;0;0;0;0;471
9;0;0;0;0;476
10;0;0;0;0;481
11;0;0;0;0;487
12;0;0;0;0;493
13;0;0;0;0;499
14;0;0;0;0;506
15;0;0;0;0;511
0;0;0;0;0;516
1;0;0;0;0;521
2;0;0;0;0;527
3;0;0;0;0;531
4;0;0;0;0;536
5;0;0;0;0;540
6;0;0;0;0;543
7;0;0;0;0;545
8;0;0;0;0;548
9;0;0;0;0;551
10;0;0;0;0;555
11;0;0;0;0;556
12;0;0;0;0;557
13;0;0;0;0;559
14;0;0;0;0;559
15;0;0;0;0;560
0;0;0;0;0;560
1;0;0;0;0;560
2;0;0;0;0;560
3;0;0;0;0;560
4;0;0;0;0;560
5;0;0;0;0;560
6;0;0;0;0;561
7;0;0;0;0;560
8;0;0;0;0;560
9;0;0;0;0;560
10;0;0;0;0;559
11;0;0;0;0;559
12;0;0;0;0;559
13;0;0;0;0;558
14;0;0;0;0;559
15;0;0;0;0;558
0;0;0;0;0;558
1;0;0;0;0;558
2;0;0;0;0;559
3;0;0;0;0;560
4;0;0;0;0;560
5;0;0;0;0;561
6;0;0;0;0;561
7;0;0;0;0;562
8;0;0;0;0;563
9;0;0;0;0;562
10;0;0;0;0;562
11;0;0;0;0;560
12;0;0;0;0;558
13;0;0;0;0;556
14;0;0;0;0;556
15;0;0;0;0;555
0;0;0;0;0;555
1;0;0;0;0;555
2;0;0;0;0;555
3;0;0;0;0;555
4;0;0;0;0;555
5;0;0;0;0;555
6;0;0;0;0;556
7;0;0;0;0;556
8;0;0;0;0;555
9;0;0;0;0;554
10;0;0;0;0;553
11;0;0;0;0;553
12;0;0;0;0;555
13;0;0;0;0;555
14;0;0;0;0;555
15;0;0;0;0;556
0;0;0;0;0;556
1;0;0;0;0;555
2;0;0;0;0;555
3;0;0;0;0;556
4;0;0;0;0;555
5;0;0;0;0;555
6;0;0;0;0;554
7;0;0;0;0;553
8;0;0;0;0;552
9;0;0;0;0;551
10;0;0;0;0;549
11;0;0;0;0;547
12;0;0;0;0;547
13;0;0;0;0;547
14;0;0;0;0;545
15;0;0;0;0;543
0;0;0;0;0;543
1;0;0;0;0;543
2;0;0;0;0;545
3;0;0;0;0;546
4;0;0;0;0;547
5;0;0;0;0;548
6;0;0;0;0;548
7;0;0;0;0;548
8;0;0;0;0;548
9;0;0;0;0;548
10;0;0;0;0;547
11;0;0;0;0;546
12;0;0;0;0;546
13;0;0;0;0;548
14;0;0;0;0;548
15;0;0;0;0;547
0;0;0;0;0;547
1;0;0;0;0;547
2;0;0;0;0;546
3;0;0;0;0;546
4;0;0;0;0;547
5;0;0;0;0;547
6;0;0;0;0;547
7;0;0;0;0;546
8;0;0;0;0;547
9;0;0;0;0;548
10;0;0;0;0;550
11;0;0;0;0;551
12;0;0;0;0;550
13;0;0;0;0;549
14;0;0;0;0;550
15;0;0;0;0;548
0;0;0;0;0;548
1;0;0;0;0;548
2;0;0;0;0;548
3;0;0;0;0;549
4;0;0;0;0;550
5;0;0;0;0;551
6;0;0;0;0;551
7;0;0;0;0;553
8;0;0;0;0;554
9;0;0;0;0;555
10;0;0;0;0;556
11;0;0;0;0;557
12;0;0;0;0;556
13;0;0;0;0;557
14;0;0;0;0;558
15;0;0;0;0;560
0;0;0;0;0;561
1;0;0;0;0;559
2;0;0;0;0;559
3;0;0;0;0;558
4;0;0;0;0;558
5;0;0;0;0;558
6;0;0;0;0;558
7;0;0;0;0;559
8;0;0;0;0;559
9;0;0;0;0;560
10;0;0;0;0;560
11;0;0;0;0;562
12;0;0;0;0;561
13;0;0;0;0;560
14;0;0;0;0;560
15;0;0;0;0;560
0;0;0;0;0;559
1;0;0;0;0;558
2;0;0;0;0;557
3;0;0;0;0;558
4;0;0;0;0;558
5;0;0;0;0;556
6;0;0;0;0;555
7;0;0;0;0;554
8;0;0;0;0;553
9;0;0;0;0;553
10;0;0;0;0;554
11;0;0;0;0;555
12;0;0;0;0;555
13;0;0;0;0;556
14;0;0;0;0;557
15;0;0;0;0;557
0;0;0;0;0;557
1;0;0;0;0;556
2;0;0;0;0;555
3;0;0;0;0;553
4;0;0;0;0;553
5;0;0;0;0;551
6;0;0;0;0;550
7;0;0;0;0;549
8;0;0;0;0;549
9;0;0;0;0;548
10;0;0;0;0;547
11;0;0;0;0;547
12;0;0;0;0;547
13;0;0;0;0;547
14;0;0;0;0;546
15;0;0;0;0;545
0;0;0;0;0;544
1;0;0;0;0;543
2;0;0;0;0;542
3;0;0;0;0;541
4;0;0;0;0;540
5;0;0;0;0;539
6;0;0;0;0;538
7;0;0;0;0;538
8;0;0;0;0;536
9;0;0;0;0;536
10;0;0;0;0;534
11;0;0;0;0;532
12;0;0;0;0;529
13;0;0;0;0;527
14;0;0;0;0;524
15;0;0;0;0;520
0;0;0;0;0;517
1;0;0;0;0;515
2;0;0;0;0;514
3;0;0;0;0;513
4;0;0;0;0;511
5;0;0;0;0;509
6;0;0;0;0;508
7;0;0;0;0;508
8;0;0;0;0;506
9;0;0;0;0;504
10;0;0;0;0;503
11;0;0;0;0;502
12;0;0;0;0;501
13;0;0;0;0;500
14;0;0;0;0;499
15;0;0;0;0;497
0;0;0;0;0;496
1;0;0;0;0;493
2;0;0;0;0;492
3;0;0;0;0;489
4;0;0;0;0;488
5;0;0;0;0;486
6;0;0;0;0;485
7;0;0;0;0;484
8;0;0;0;0;485
9;0;0;0;0;486
10;0;0;0;0;486
11;0;0;0;0;486
12;0;0;0;0;485
13;0;0;0;0;484
14;0;0;0;0;484
15;0;0;0;0;483
0;0;0;0;0;482
1;0;0;0;0;481
2;0;0;0;0;479
3;0;0;0;0;478
4;0;0;0;0;478
5;0;0;0;0;478
6;0;0;0;0;478
7;0;0;0;0;478
8;0;0;0;0;480
9;0;0;0;0;480
10;0;0;0;0;480
11;0;0;0;0;481
12;0;0;0;0;481
13;0;0;0;0;481
14;0;0;0;0;480
15;0;0;0;0;480
0;0;0;0;0;478
1;0;0;0;0;478
2;0;0;0;0;478
3;0;0;0;0;478
4;0;0;0;0;477
5;0;0;0;0;476
6;0;0;0;0;475
7;0;0;0;0;474
8;0;0;0;0;473
9;0;0;0;0;474
10;0;0;0;0;475
11;0;0;0;0;475
12;0;0;0;0;475
13;0;0;0;0;474
14;0;0;0;0;473
15;0;0;0;0;475
0;0;0;0;0;475
1;0;0;0;0;476
2;0;0;0;0;476
3;0;0;0;0;476
4;0;0;0;0;477
5;0;0;0;0;478
6;0;0;0;0;478
7;0;0;0;0;477
8;0;0;0;0;477
9;0;0;0;0;477
10;0;0;0;0;477
11;0;0;0;0;478
12;0;0;0;0;480
13;0;0;0;0;481
14;0;0;0;0;481
15;0;0;0;0;481
0;0;0;0;0;479
1;0;0;0;0;478
2;0;0;0;0;478
3;0;0;0;0;479
4;0;0;0;0;479
5;0;0;0;0;478
6;0;0;0;0;477
7;0;0;0;0;478
8;0;0;0;0;479
9;0;0;0;0;479
10;0;0;0;0;479
11;0;0;0;0;478
12;0;0;0;0;478
13;0;0;0;0;478
14;0;0;0;0;478
15;0;0;0;0;478
0;0;0;0;0;478
1;0;0;0;0;479
2;0;0;0;0;480
3;0;0;0;0;481
4;0;0;0;0;483
5;0;0;0;0;484
6;0;0;0;0;486
7;0;0;0;0;487
8;0;0;0;0;487
9;0;0;0;0;487
10;0;0;0;0;488
11;0;0;0;0;489
12;0;0;0;0;488
13;0;0;0;0;488
14;0;0;0;0;488
15;0;0;0;0;489
0;0;0;0;0;489
1;0;0;0;0;490
2;0;0;0;0;491
3;0;0;0;0;491
4;0;0;0;0;490
5;0;0;0;0;489
6;0;0;0;0;489
7;0;0;0;0;489
8;0;0;0;0;488
9;0;0;0;0;489
10;0;0;0;0;489
11;0;0;0;0;487
12;0;0;0;0;487
13;0;0;0;0;487
14;0;0;0;0;488
15;0;0;0;0;489
0;0;0;0;0;491
1;0;0;0;0;492
2;0;0;0;0;493
3;0;0;0;0;493
4;0;0;0;0;494
5;0;0;0;0;494
6;0;0;0;0;494
7;0;0;0;0;493
8;0;0;0;0;491
9;0;0;0;0;490
10;0;0;0;0;490
11;0;0;0;0;491
12;0;0;0;0;493
13;0;0;0;0;494
14;0;0;0;0;495
15;0;0;0;0;495
0;0;0;0;0;496
1;0;0;0;0;497
2;0;0;0;0;496
3;0;0;0;0;496
4;0;0;0;0;496
5;0;0;0;0;497
6;0;0;0;0;497
7;0;0;0;0;497
8;0;0;0;0;498
9;0;0;0;0;499
10;0;0;0;0;499
11;0;0;0;0;499
12;0;0;0;0;500
13;0;0;0;0;501
14;0;0;0;0;502
15;0;0;0;0;503
0;0;0;0;0;502
1;0;0;0;0;501
2;0;0;0;0;501
3;0;0;0;0;500
4;0;0;0;0;499
5;0;0;0;0;499
6;0;0;0;0;499
7;0;0;0;0;498
8;0;0;0;0;499
9;0;0;0;0;499
10;0;0;0;0;499
11;0;0;0;0;499
12;0;0;0;0;499
13;0;0;0;0;499
14;0;0;0;0;499
15;0;0;0;0;500
0;0;0;0;0;499
1;0;0;0;0;499
2;0;0;0;0;499
3;0;0;0;0;498
4;0;0;0;0;499
5;0;0;0;0;499
6;0;0;0;0;499
7;0;0;0;0;499
8;0;0;0;0;499
9;0;0;0;0;500
10;0;0;0;0;501
11;0;0;0;0;502
12;0;0;0;0;502
13;0;0;0;0;502
14;0;0;0;0;502
15;0;0;0;0;501
0;0;0;0;0;500
1;0;0;0;0;501
2;0;0;0;0;499
3;0;0;0;0;499
4;0;0;0;0;498
5;0;0;0;0;499
6;0;0;0;0;500
7;0;0;0;0;501
8;0;0;0;0;501
9;0;0;0;0;502
10;0;0;0;0;503
11;0;0;0;0;504
12;0;0;0;0;504
13;0;0;0;0;505
14;0;0;0;0;505
15;0;0;0;0;507
0;0;0;0;0;509
1;0;0;0;0;510
2;0;0;0;0;511
3;0;0;0;0;512
4;0;0;0;0;514
5;0;0;0;0;515
6;0;0;0;0;514
7;0;0;0;0;514
8;0;0;0;0;513
9;0;0;0;0;513
10;0;0;0;0;512
11;0;0;0;0;511
12;0;0;0;0;511
13;0;0;0;0;511
14;0;0;0;0;511
15;0;0;0;0;513
0;0;0;0;0;514
1;0;0;0;0;516
2;0;0;0;0;519
3;0;0;0;0;521
4;0;0;0;0;523
5;0;0;0;0;523
6;0;0;0;0;523
7;0;0;0;0;522
8;0;0;0;0;520
9;0;0;0;0;519
10;0;0;0;0;517
11;0;0;0;0;518
12;0;0;0;0;519
13;0;0;0;0;520
14;0;0;0;0;521
15;0;0;0;0;521
0;0;0;0;0;521
1;0;0;0;0;521
2;0;0;0;0;521
3;0;0;0;0;521
4;0;0;0;0;521
5;0;0;0;0;522
6;0;0;0;0;523
7;0;0;0;0;523
8;0;0;0;0;523
9;0;0;0;0;522
10;0;0;0;0;521
11;0;0;0;0;519
12;0;0;0;0;517
13;0;0;0;0;515
14;0;0;0;0;513
15;0;0;0;0;512
0;0;0;0;0;510
1;0;0;0;0;507
2;0;0;0;0;504
3;0;0;0;0;502
4;0;0;0;0;498
5;0;0;0;0;495
6;0;0;0;0;493
7;0;0;0;0;492
8;0;0;0;0;492
9;0;0;0;0;491
10;0;0;0;0;489
11;0;0;0;0;489
12;0;0;0;0;490
13;0;0;0;0;490
14;0;0;0;0;491
15;0;0;0;0;490
0;0;0;0;0;491
1;0;0;0;0;492
2;0;0;0;0;493
3;0;0;0;0;494
4;0;0;0;0;495
5;0;0;0;0;495
6;0;0;0;0;495
7;0;0;0;0;493
8;0;0;0;0;491
9;0;0;0;0;491
10;0;0;0;0;489
11;0;0;0;0;488
12;0;0;0;0;487
13;0;0;0;0;487
14;0;0;0;0;488
15;0;0;0;0;488
0;0;0;0;0;488
1;0;0;0;0;489
2;0;0;0;0;490
3;0;0;0;0;490
4;0;0;0;0;489
5;0;0;0;0;489
6;0;0;0;0;489
7;0;0;0;0;490
8;0;0;0;0;488
9;0;0;0;0;487
10;0;0;0;0;486
11;0;0;0;0;485
12;0;0;0;0;484
13;0;0;0;0;484
14;0;0;0;0;484
15;0;0;0;0;484
0;0;0;0;0;484
1;0;0;0;0;484
2;0;0;0;0;485
3;0;0;0;0;486
4;0;0;0;0;487
5;0;0;0;0;487
6;0;0;0;0;488
7;0;0;0;0;488
8;0;0;0;0;488
9;0;0;0;0;487
10;0;0;0;0;487
11;0;0;0;0;486
12;0;0;0;0;486
13;0;0;0;0;487
14;0;0;0;0;489
15;0;0;0;0;489
0;0;0;0;0;490
1;0;0;0;0;490
2;0;0;0;0;490
3;0;0;0;0;490
4;0;0;0;0;491
5;0;0;0;0;492
6;0;0;0;0;492
7;0;0;0;0;493
8;0;0;0;0;494
9;0;0;0;0;494
10;0;0;0;0;495
11;0;0;0;0;495
12;0;0;0;0;495
13;0;0;0;0;494
14;0;0;0;0;493
15;0;0;0;0;492
0;0;0;0;0;492
1;0;0;0;0;494
2;0;0;0;0;497
3;0;0;0;0;501
4;0;0;0;0;506
5;0;0;0;0;512
6;0;0;0;0;522
7;0;0;0;0;532
8;0;0;0;0;542
9;0;0;0;0;551
10;0;0;0;0;561
11;0;0;0;0;569
12;0;0;0;0;576
13;0;0;0;0;582
14;0;0;0;0;588
15;0;0;0;0;595
0;0;0;0;0;601
1;0;0;0;0;607
2;0;0;0;0;611
3;0;0;0;0;617
4;0;0;0;0;621
5;0;0;0;0;622
6;0;0;0;0;623
7;0;0;0;0;624
8;0;0;0;0;627
9;0;0;0;0;629
10;0;0;0;0;632
11;0;0;0;0;638
12;0;0;0;0;645
13;0;0;0;0;655
14;0;0;0;0;663
15;0;0;0;0;659
0;0;0;0;0;642
1;0;0;0;0;608
2;0;0;0;0;564
3;0;0;0;0;513
4;0;0;0;0;454
5;0;0;0;0;396
6;0;0;0;0;348
7;0;0;0;0;309
8;0;0;0;0;283
9;0;0;0;0;268
10;0;0;0;0;262
11;0;0;0;0;261
12;0;0;0;0;259
13;0;0;0;0;258
14;0;0;0;0;257
15;0;0;0;0;256
0;0;0;0;0;255
1;0;0;0;0;254
2;0;0;0;0;251
3;0;0;0;0;240
4;0;0;0;0;229
5;0;0;0;0;218
6;0;0;0;0;207
7;0;0;0;0;199
8;0;0;0;0;193
9;0;0;0;0;192
10;0;0;0;0;193
11;0;0;0;0;202
12;0;0;0;0;218
13;0;0;0;0;236
14;0;0;0;0;253
15;0;0;0;0;271
0;0;0;0;0;289
1;0;0;0;0;305
2;0;0;0;0;320
3;0;0;0;0;338
4;0;0;0;0;355
5;0;0;0;0;373
6;0;0;0;0;389
7;0;0;0;0;402
8;0;0;0;0;415
9;0;0;0;0;427
10;0;0;0;0;437
11;0;0;0;0;446
12;0;0;0;0;453
13;0;0;0;0;459
14;0;0;0;0;465
15;0;0;0;0;472
0;0;0;0;0;478
1;0;0;0;0;485
2;0;0;0;0;491
3;0;0;0;0;498
4;0;0;0;0;504
5;0;0;0;0;510
6;0;0;0;0;517
7;0;0;0;0;522
8;0;0;0;0;528
9;0;0;0;0;534
10;0;0;0;0;539
11;0;0;0;0;543
12;0;0;0;0;547
13;0;0;0;0;551
14;0;0;0;0;554
15;0;0;0;0;556
0;0;0;0;0;558
1;0;0;0;0;560
2;0;0;0;0;560
3;0;0;0;0;561
4;0;0;0;0;562
5;0;0;0;0;563
6;0;0;0;0;565
7;0;0;0;0;565
8;0;0;0;0;567
9;0;0;0;0;569
10;0;0;0;0;571
11;0;0;0;0;572
12;0;0;0;0;573
13;0;0;0;0;572
14;0;0;0;0;572
15;0;0;0;0;572
0;0;0;0;0;572
1;0;0;0;0;570
2;0;0;0;0;569
3;0;0;0;0;568
4;0;0;0;0;567
5;0;0;0;0;567
6;0;0;0;0;567
7;0;0;0;0;567
8;0;0;0;0;568
9;0;0;0;0;568
10;0;0;0;0;568
11;0;0;0;0;568
12;0;0;0;0;570
13;0;0;0;0;572
14;0;0;0;0;573
15;0;0;0;0;574
0;0;0;0;0;573
1;0;0;0;0;574
2;0;0;0;0;573
3;0;0;0;0;573
4;0;0;0;0;573
5;0;0;0;0;571
6;0;0;0;0;570
7;0;0;0;0;568
8;0;0;0;0;566
9;0;0;0;0;566
10;0;0;0;0;565
11;0;0;0;0;565
12;0;0;0;0;565
13;0;0;0;0;566
14;0;0;0;0;567
15;0;0;0;0;566
0;0;0;0;0;566
1;0;0;0;0;564
2;0;0;0;0;562
3;0;0;0;0;561
4;0;0;0;0;561
5;0;0;0;0;561
6;0;0;0;0;561
7;0;0;0;0;560
8;0;0;0;0;558
9;0;0;0;0;556
10;0;0;0;0;555
11;0;0;0;0;556
12;0;0;0;0;556
13;0;0;0;0;556
14;0;0;0;0;556
15;0;0;0;0;556
0;0;0;0;0;556
1;0;0;0;0;556
2;0;0;0;0;556
3;0;0;0;0;556
4;0;0;0;0;556
5;0;0;0;0;556
6;0;0;0;0;555
7;0;0;0;0;555
8;0;0;0;0;555
9;0;0;0;0;556
10;0;0;0;0;557
11;0;0;0;0;557
12;0;0;0;0;557
13;0;0;0;0;557
14;0;0;0;0;556
15;0;0;0;0;555
0;0;0;0;0;554
1;0;0;0;0;553
2;0;0;0;0;555
3;0;0;0;0;556
4;0;0;0;0;557
5;0;0;0;0;556
6;0;0;0;0;556
7;0;0;0;0;556
8;0;0;0;0;555
9;0;0;0;0;555
10;0;0;0;0;554
11;0;0;0;0;555
12;0;0;0;0;554
13;0;0;0;0;555
14;0;0;0;0;556
15;0;0;0;0;556
0;0;0;0;0;556
1;0;0;0;0;556
2;0;0;0;0;556
3;0;0;0;0;555
4;0;0;0;0;556
5;0;0;0;0;556
6;0;0;0;0;556
7;0;0;0;0;556
8;0;0;0;0;556
9;0;0;0;0;555
10;0;0;0;0;556
11;0;0;0;0;556
12;0;0;0;0;557
13;0;0;0;0;557
14;0;0;0;0;557
15;0;0;0;0;557
0;0;0;0;0;558
1;0;0;0;0;559
2;0;0;0;0;559
3;0;0;0;0;557
4;0;0;0;0;557
5;0;0;0;0;556
6;0;0;0;0;556
7;0;0;0;0;556
8;0;0;0;0;557
9;0;0;0;0;559
10;0;0;0;0;560
11;0;0;0;0;562
12;0;0;0;0;563
13;0;0;0;0;563
14;0;0;0;0;563
15;0;0;0;0;563
0;0;0;0;0;563
1;0;0;0;0;564
2;0;0;0;0;565
3;0;0;0;0;566
4;0;0;0;0;564
5;0;0;0;0;563
6;0;0;0;0;563
7;0;0;0;0;563
8;0;0;0;0;564
9;0;0;0;0;565
10;0;0;0;0;565
11;0;0;0;0;566
12;0;0;0;0;566
13;0;0;0;0;566
14;0;0;0;0;566
15;0;0;0;0;567
0;0;0;0;0;567
1;0;0;0;0;567
2;0;0;0;0;568
3;0;0;0;0;568
4;0;0;0;0;567
5;0;0;0;0;567
6;0;0;0;0;566
7;0;0;0;0;564
8;0;0;0;0;561
9;0;0;0;0;560
10;0;0;0;0;558
11;0;0;0;0;557
12;0;0;0;0;556
13;0;0;0;0;556
14;0;0;0;0;555
15;0;0;0;0;554
0;0;0;0;0;554
1;0;0;0;0;554
2;0;0;0;0;553
3;0;0;0;0;552
4;0;0;0;0;551
5;0;0;0;0;549
6;0;0;0;0;549
7;0;0;0;0;548
8;0;0;0;0;547
9;0;0;0;0;545
10;0;0;0;0;544
11;0;0;0;0;544
12;0;0;0;0;543
13;0;0;0;0;541
14;0;0;0;0;540
15;0;0;0;0;538
0;0;0;0;0;537
1;0;0;0;0;536
2;0;0;0;0;534
3;0;0;0;0;533
4;0;0;0;0;531
5;0;0;0;0;530
6;0;0;0;0;528
7;0;0;0;0;526
8;0;0;0;0;524
9;0;0;0;0;524
10;0;0;0;0;522
11;0;0;0;0;519
12;0;0;0;0;517
13;0;0;0;0;515
14;0;0;0;0;515
15;0;0;0;0;515
0;0;0;0;0;514
1;0;0;0;0;512
2;0;0;0;0;510
3;0;0;0;0;507
4;0;0;0;0;506
5;0;0;0;0;503
6;0;0;0;0;502
7;0;0;0;0;500
8;0;0;0;0;497
9;0;0;0;0;496
10;0;0;0;0;494
11;0;0;0;0;494
12;0;0;0;0;493
13;0;0;0;0;492
14;0;0;0;0;491
15;0;0;0;0;491
0;0;0;0;0;490
1;0;0;0;0;488
2;0;0;0;0;486
3;0;0;0;0;484
4;0;0;0;0;482
5;0;0;0;0;481
6;0;0;0;0;480
7;0;0;0;0;479
8;0;0;0;0;479
9;0;0;0;0;478
10;0;0;0;0;478
11;0;0;0;0;479
12;0;0;0;0;478
13;0;0;0;0;478
14;0;0;0;0;477
15;0;0;0;0;477
0;0;0;0;0;477
1;0;0;0;0;477
2;0;0;0;0;476
3;0;0;0;0;477
4;0;0;0;0;476
5;0;0;0;0;475
6;0;0;0;0;476
7;0;0;0;0;476
8;0;0;0;0;475
9;0;0;0;0;475
10;0;0;0;0;473
11;0;0;0;0;473
12;0;0;0;0;473
13;0;0;0;0;474
14;0;0;0;0;475
15;0;0;0;0;475
0;0;0;0;0;475
1;0;0;0;0;475
2;0;0;0;0;475
3;0;0;0;0;476
4;0;0;0;0;477
5;0;0;0;0;476
6;0;0;0;0;477
7;0;0;0;0;477
8;0;0;0;0;476
9;0;0;0;0;476
10;0;0;0;0;476
11;0;0;0;0;477
12;0;0;0;0;477
13;0;0;0;0;477
14;0;0;0;0;475
15;0;0;0;0;473
0;0;0;0;0;472
1;0;0;0;0;473
2;0;0;0;0;473
3;0;0;0;0;475
4;0;0;0;0;476
5;0;0;0;0;478
6;0;0;0;0;478
7;0;0;0;0;479
8;0;0;0;0;479
9;0;0;0;0;479
10;0;0;0;0;479
11;0;0;0;0;479
12;0;0;0;0;479
13;0;0;0;0;478
14;0;0;0;0;478
15;0;0;0;0;478
0;0;0;0;0;476
1;0;0;0;0;476
2;0;0;0;0;476
3;0;0;0;0;476
4;0;0;0;0;478
5;0;0;0;0;480
6;0;0;0;0;480
7;0;0;0;0;481
8;0;0;0;0;480
9;0;0;0;0;481
10;0;0;0;0;481
11;0;0;0;0;482
12;0;0;0;0;484
13;0;0;0;0;485
14;0;0;0;0;487
15;0;0;0;0;487
0;0;0;0;0;488
1;0;0;0;0;487
2;0;0;0;0;487
3;0;0;0;0;486
4;0;0;0;0;486
5;0;0;0;0;486
6;0;0;0;0;487
7;0;0;0;0;486
8;0;0;0;0;486
9;0;0;0;0;485
10;0;0;0;0;485
11;0;0;0;0;485
12;0;0;0;0;485
13;0;0;0;0;486
14;0;0;0;0;486
15;0;0;0;0;487
0;0;0;0;0;487
1;0;0;0;0;489
2;0;0;0;0;489
3;0;0;0;0;488
4;0;0;0;0;488
5;0;0;0;0;488
6;0;0;0;0;487
7;0;0;0;0;487
8;0;0;0;0;487
9;0;0;0;0;488
10;0;0;0;0;487
11;0;0;0;0;487
12;0;0;0;0;487
13;0;0;0;0;487
14;0;0;0;0;487
15;0;0;0;0;487
0;0;0;0;0;487
1;0;0;0;0;488
2;0;0;0;0;490
3;0;0;0;0;492
4;0;0;0;0;493
5;0;0;0;0;494
6;0;0;0;0;495
7;0;0;0;0;496
8;0;0;0;0;495
9;0;0;0;0;495
10;0;0;0;0;495
11;0;0;0;0;494
12;0;0;0;0;496
13;0;0;0;0;497
14;0;0;0;0;497
15;0;0;0;0;498
0;0;0;0;0;499
1;0;0;0;0;499
2;0;0;0;0;499
3;0;0;0;0;497
4;0;0;0;0;495
5;0;0;0;0;495
6;0;0;0;0;495
7;0;0;0;0;495
8;0;0;0;0;495
9;0;0;0;0;495
10;0;0;0;0;496
11;0;0;0;0;496
12;0;0;0;0;496
13;0;0;0;0;496
14;0;0;0;0;496
15;0;0;0;0;497
0;0;0;0;0;496
1;0;0;0;0;496
2;0;0;0;0;496
3;0;0;0;0;497
4;0;0;0;0;498
5;0;0;0;0;497
6;0;0;0;0;496
7;0;0;0;0;497
8;0;0;0;0;497
9;0;0;0;0;497
10;0;0;0;0;497
11;0;0;0;0;497
12;0;0;0;0;497
13;0;0;0;0;497
14;0;0;0;0;498
15;0;0;0;0;498
0;0;0;0;0;498
1;0;0;0;0;499
2;0;0;0;0;498
3;0;0;0;0;498
4;0;0;0;0;499
5;0;0;0;0;499
6;0;0;0;0;499
7;0;0;0;0;499
8;0;0;0;0;500
9;0;0;0;0;500
10;0;0;0;0;501
11;0;0;0;0;501
12;0;0;0;0;500
13;0;0;0;0;500
14;0;0;0;0;499
15;0;0;0;0;499
0;0;0;0;0;499
1;0;0;0;0;500
2;0;0;0;0;501
3;0;0;0;0;502
4;0;0;0;0;503
5;0;0;0;0;503
6;0;0;0;0;504
7;0;0;0;0;504
8;0;0;0;0;504
9;0;0;0;0;504
10;0;0;0;0;504
11;0;0;0;0;506
12;0;0;0;0;507
13;0;0;0;0;508
14;0;0;0;0;510
15;0;0;0;0;512
0;0;0;0;0;513
1;0;0;0;0;515
2;0;0;0;0;517
3;0;0;0;0;518
4;0;0;0;0;518
5;0;0;0;0;519
6;0;0;0;0;520
7;0;0;0;0;520
8;0;0;0;0;521
9;0;0;0;0;520
10;0;0;0;0;520
11;0;0;0;0;520
12;0;0;0;0;519
13;0;0;0;0;520
14;0;0;0;0;521
15;0;0;0;0;521
0;0;0;0;0;522
1;0;0;0;0;522
2;0;0;0;0;522
3;0;0;0;0;521
4;0;0;0;0;520
5;0;0;0;0;520
6;0;0;0;0;520
7;0;0;0;0;520
8;0;0;0;0;520
9;0;0;0;0;521
10;0;0;0;0;521
11;0;0;0;0;521
12;0;0;0;0;521
13;0;0;0;0;522
14;0;0;0;0;523
15;0;0;0;0;524
0;0;0;0;0;523
1;0;0;0;0;523
2;0;0;0;0;523
3;0;0;0;0;522
4;0;0;0;0;521
5;0;0;0;0;519
6;0;0;0;0;518
7;0;0;0;0;516
8;0;0;0;0;514
9;0;0;0;0;512
10;0;0;0;0;509
11;0;0;0;0;507
12;0;0;0;0;504
13;0;0;0;0;500
14;0;0;0;0;497
15;0;0;0;0;496
0;0;0;0;0;495
1;0;0;0;0;494
2;0;0;0;0;493
3;0;0;0;0;493
4;0;0;0;0;492
5;0;0;0;0;493
6;0;0;0;0;493
7;0;0;0;0;492
8;0;0;0;0;491
9;0;0;0;0;490
10;0;0;0;0;490
11;0;0;0;0;489
12;0;0;0;0;489
13;0;0;0;0;491
14;0;0;0;0;492
15;0;0;0;0;489
0;0;0;0;0;489
1;0;0;0;0;489
2;0;0;0;0;490
3;0;0;0;0;489
4;0;0;0;0;489
5;0;0;0;0;487
6;0;0;0;0;487
7;0;0;0;0;486
8;0;0;0;0;485
9;0;0;0;0;485
10;0;0;0;0;486
11;0;0;0;0;486
12;0;0;0;0;484
13;0;0;0;0;483
14;0;0;0;0;483
15;0;0;0;0;483
0;0;0;0;0;483
1;0;0;0;0;483
2;0;0;0;0;484
3;0;0;0;0;485
4;0;0;0;0;484
5;0;0;0;0;483
6;0;0;0;0;483
7;0;0;0;0;483
8;0;0;0;0;484
9;0;0;0;0;484
10;0;0;0;0;486
11;0;0;0;0;487
12;0;0;0;0;488
13;0;0;0;0;491
14;0;0;0;0;490
15;0;0;0;0;490
0;0;0;0;0;489
1;0;0;0;0;487
2;0;0;0;0;484
3;0;0;0;0;482
4;0;0;0;0;483
5;0;0;0;0;484
6;0;0;0;0;486
7;0;0;0;0;486
8;0;0;0;0;486
9;0;0;0;0;486
10;0;0;0;0;487
11;0;0;0;0;487
12;0;0;0;0;488
13;0;0;0;0;489
14;0;0;0;0;489
15;0;0;0;0;491
0;0;0;0;0;492
1;0;0;0;0;493
2;0;0;0;0;492
3;0;0;0;0;490
4;0;0;0;0;489
5;0;0;0;0;489
6;0;0;0;0;489
7;0;0;0;0;489
8;0;0;0;0;488
9;0;0;0;0;489
10;0;0;0;0;490
11;0;0;0;0;490
12;0;0;0;0;491
13;0;0;0;0;493
14;0;0;0;0;495
15;0;0;0;0;496
0;0;0;0;0;500
1;0;0;0;0;507
2;0;0;0;0;515
3;0;0;0;0;524
4;0;0;0;0;535
5;0;0;0;0;545
6;0;0;0;0;556
7;0;0;0;0;567
8;0;0;0;0;576
9;0;0;0;0;584
10;0;0;0;0;592
11;0;0;0;0;599
12;0;0;0;0;604
13;0;0;0;0;611
14;0;0;0;0;616
15;0;0;0;0;620
0;0;0;0;0;623
1;0;0;0;0;626
2;0;0;0;0;627
3;0;0;0;0;629
4;0;0;0;0;631
5;0;0;0;0;632
6;0;0;0;0;634
7;0;0;0;0;636
8;0;0;0;0;643
9;0;0;0;0;654
10;0;0;0;0;664
11;0;0;0;0;670
12;0;0;0;0;667
13;0;0;0;0;647
14;0;0;0;0;612
15;0;0;0;0;567
0;0;0;0;0;513
1;0;0;0;0;456
2;0;0;0;0;402
3;0;0;0;0;359
4;0;0;0;0;327
5;0;0;0;0;307
6;0;0;0;0;293
7;0;0;0;0;286
8;0;0;0;0;280
9;0;0;0;0;277
10;0;0;0;0;272
11;0;0;0;0;267
12;0;0;0;0;259
13;0;0;0;0;248
14;0;0;0;0;235
15;0;0;0;0;217
0;0;0;0;0;196
1;0;0;0;0;178
2;0;0;0;0;165
3;0;0;0;0;156
4;0;0;0;0;151
5;0;0;0;0;147
6;0;0;0;0;148
7;0;0;0;0;153
8;0;0;0;0;166
9;0;0;0;0;185
10;0;0;0;0;207
11;0;0;0;0;228
12;0;0;0;0;249
13;0;0;0;0;270
14;0;0;0;0;288
15;0;0;0;0;306
0;0;0;0;0;323
1;0;0;0;0;341
2;0;0;0;0;361
3;0;0;0;0;379
4;0;0;0;0;396
5;0;0;0;0;412
6;0;0;0;0;424
7;0;0;0;0;435
8;0;0;0;0;444
9;0;0;0;0;453
10;0;0;0;0;461
11;0;0;0;0;469
12;0;0;0;0;480
13;0;0;0;0;489
14;0;0;0;0;498
15;0;0;0;0;507
0;0;0;0;0;514
1;0;0;0;0;521
2;0;0;0;0;528
3;0;0;0;0;535
4;0;0;0;0;540
5;0;0;0;0;544
6;0;0;0;0;548
7;0;0;0;0;551
8;0;0;0;0;554
9;0;0;0;0;556
10;0;0;0;0;559
11;0;0;0;0;560
12;0;0;0;0;561
13;0;0;0;0;563
14;0;0;0;0;563
15;0;0;0;0;563
0;0;0;0;0;563
1;0;0;0;0;563
2;0;0;0;0;564
3;0;0;0;0;564
4;0;0;0;0;565
5;0;0;0;0;565
6;0;0;0;0;565
7;0;0;0;0;564
8;0;0;0;0;564
9;0;0;0;0;564
10;0;0;0;0;565
11;0;0;0;0;567
12;0;0;0;0;567
13;0;0;0;0;567
14;0;0;0;0;566
15;0;0;0;0;564
0;0;0;0;0;563
1;0;0;0;0;565
2;0;0;0;0;565
3;0;0;0;0;566
4;0;0;0;0;567
5;0;0;0;0;567
6;0;0;0;0;566
7;0;0;0;0;566
8;0;0;0;0;567
9;0;0;0;0;568
10;0;0;0;0;568
11;0;0;0;0;568
12;0;0;0;0;568
13;0;0;0;0;568
14;0;0;0;0;567
15;0;0;0;0;566
0;0;0;0;0;565
1;0;0;0;0;563
2;0;0;0;0;563
3;0;0;0;0;563
4;0;0;0;0;562
5;0;0;0;0;561
6;0;0;0;0;560
7;0;0;0;0;560
8;0;0;0;0;561
9;0;0;0;0;561
10;0;0;0;0;561
11;0;0;0;0;561
12;0;0;0;0;562
13;0;0;0;0;563
14;0;0;0;0;562
15;0;0;0;0;562
0;0;0;0;0;561
1;0;0;0;0;561
2;0;0;0;0;561
3;0;0;0;0;561
4;0;0;0;0;563
5;0;0;0;0;563
6;0;0;0;0;565
7;0;0;0;0;565
8;0;0;0;0;564
9;0;0;0;0;562
10;0;0;0;0;560
11;0;0;0;0;559
12;0;0;0;0;558
13;0;0;0;0;556
14;0;0;0;0;555
15;0;0;0;0;553
0;0;0;0;0;552
1;0;0;0;0;552
2;0;0;0;0;552
3;0;0;0;0;552
4;0;0;0;0;553
5;0;0;0;0;553
6;0;0;0;0;553
7;0;0;0;0;554
8;0;0;0;0;555
9;0;0;0;0;554
10;0;0;0;0;554
11;0;0;0;0;555
12;0;0;0;0;556
13;0;0;0;0;557
14;0;0;0;0;558
15;0;0;0;0;558
0;0;0;0;0;558
1;0;0;0;0;558
2;0;0;0;0;557
3;0;0;0;0;556
4;0;0;0;0;555
5;0;0;0;0;553
6;0;0;0;0;551
7;0;0;0;0;551
8;0;0;0;0;552
9;0;0;0;0;551
10;0;0;0;0;551
11;0;0;0;0;551
12;0;0;0;0;552
13;0;0;0;0;551
14;0;0;0;0;551
15;0;0;0;0;551
0;0;0;0;0;552
1;0;0;0;0;553
2;0;0;0;0;555
3;0;0;0;0;556
4;0;0;0;0;558
5;0;0;0;0;558
6;0;0;0;0;559
7;0;0;0;0;560
8;0;0;0;0;560
9;0;0;0;0;560
10;0;0;0;0;560
11;0;0;0;0;560
12;0;0;0;0;560
13;0;0;0;0;560
14;0;0;0;0;560
15;0;0;0;0;561
0;0;0;0;0;562
1;0;0;0;0;563
2;0;0;0;0;564
3;0;0;0;0;566
4;0;0;0;0;567
5;0;0;0;0;567
6;0;0;0;0;567
7;0;0;0;0;567
8;0;0;0;0;568
9;0;0;0;0;568
10;0;0;0;0;568
11;0;0;0;0;568
12;0;0;0;0;568
13;0;0;0;0;568
14;0;0;0;0;569
15;0;0;0;0;568
0;0;0;0;0;569
1;0;0;0;0;569
2;0;0;0;0;568
3;0;0;0;0;568
4;0;0;0;0;569
5;0;0;0;0;569
6;0;0;0;0;569
7;0;0;0;0;568
8;0;0;0;0;568
9;0;0;0;0;567
10;0;0;0;0;566
11;0;0;0;0;566
12;0;0;0;0;567
13;0;0;0;0;568
14;0;0;0;0;568
15;0;0;0;0;568
0;0;0;0;0;568
1;0;0;0;0;567
2;0;0;0;0;566
3;0;0;0;0;567
4;0;0;0;0;567
5;0;0;0;0;567
6;0;0;0;0;567
7;0;0;0;0;567
8;0;0;0;0;566
9;0;0;0;0;564
10;0;0;0;0;563
11;0;0;0;0;560
12;0;0;0;0;559
13;0;0;0;0;558
14;0;0;0;0;557
15;0;0;0;0;555
0;0;0;0;0;553
1;0;0;0;0;551
2;0;0;0;0;550
3;0;0;0;0;549
4;0;0;0;0;547
5;0;0;0;0;546
6;0;0;0;0;545
7;0;0;0;0;544
8;0;0;0;0;543
9;0;0;0;0;541
10;0;0;0;0;538
11;0;0;0;0;536
12;0;0;0;0;535
13;0;0;0;0;532
14;0;0;0;0;531
15;0;0;0;0;529
0;0;0;0;0;528
1;0;0;0;0;527
2;0;0;0;0;525
3;0;0;0;0;524
4;0;0;0;0;523
5;0;0;0;0;521
6;0;0;0;0;519
7;0;0;0;0;516
8;0;0;0;0;515
9;0;0;0;0;513
10;0;0;0;0;511
11;0;0;0;0;511
12;0;0;0;0;509
13;0;0;0;0;507
14;0;0;0;0;505
15;0;0;0;0;503
0;0;0;0;0;502
1;0;0;0;0;499
2;0;0;0;0;497
3;0;0;0;0;495
4;0;0;0;0;494
5;0;0;0;0;493
6;0;0;0;0;491
7;0;0;0;0;490
8;0;0;0;0;488
9;0;0;0;0;485
10;0;0;0;0;483
11;0;0;0;0;482
12;0;0;0;0;481
13;0;0;0;0;479
14;0;0;0;0;478
15;0;0;0;0;478
0;0;0;0;0;476
1;0;0;0;0;475
2;0;0;0;0;475
3;0;0;0;0;475
4;0;0;0;0;476
5;0;0;0;0;477
6;0;0;0;0;477
7;0;0;0;0;477
8;0;0;0;0;477
9;0;0;0;0;476
10;0;0;0;0;475
11;0;0;0;0;474
12;0;0;0;0;474
13;0;0;0;0;474
14;0;0;0;0;473
15;0;0;0;0;472
0;0;0;0;0;472
1;0;0;0;0;471
2;0;0;0;0;470
3;0;0;0;0;469
4;0;0;0;0;469
5;0;0;0;0;469
6;0;0;0;0;469
7;0;0;0;0;469
8;0;0;0;0;469
9;0;0;0;0;469
10;0;0;0;0;469
11;0;0;0;0;468
12;0;0;0;0;468
13;0;0;0;0;468
14;0;0;0;0;468
15;0;0;0;0;468
0;0;0;0;0;467
1;0;0;0;0;468
2;0;0;0;0;468
3;0;0;0;0;468
4;0;0;0;0;468
5;0;0;0;0;467
6;0;0;0;0;467
7;0;0;0;0;468
8;0;0;0;0;469
9;0;0;0;0;471
10;0;0;0;0;472
11;0;0;0;0;472
12;0;0;0;0;472
13;0;0;0;0;473
14;0;0;0;0;473
15;0;0;0;0;473
0;0;0;0;0;472
1;0;0;0;0;471
2;0;0;0;0;471
3;0;0;0;0;471
4;0;0;0;0;470
5;0;0;0;0;471
6;0;0;0;0;472
7;0;0;0;0;471
8;0;0;0;0;472
9;0;0;0;0;472
10;0;0;0;0;473
11;0;0;0;0;475
12;0;0;0;0;475
13;0;0;0;0;476
14;0;0;0;0;476
15;0;0;0;0;477
0;0;0;0;0;478
1;0;0;0;0;478
2;0;0;0;0;478
3;0;0;0;0;477
4;0;0;0;0;476
5;0;0;0;0;475
6;0;0;0;0;475
7;0;0;0;0;475
8;0;0;0;0;475
9;0;0;0;0;476
10;0;0;0;0;478
11;0;0;0;0;478
12;0;0;0;0;480
13;0;0;0;0;481
14;0;0;0;0;482
15;0;0;0;0;483
0;0;0;0;0;482
1;0;0;0;0;481
2;0;0;0;0;480
3;0;0;0;0;480
4;0;0;0;0;480
5;0;0;0;0;481
6;0;0;0;0;482
7;0;0;0;0;483
8;0;0;0;0;484
9;0;0;0;0;485
10;0;0;0;0;486
11;0;0;0;0;486
12;0;0;0;0;486
13;0;0;0;0;487
14;0;0;0;0;488
15;0;0;0;0;488
0;0;0;0;0;488
1;0;0;0;0;489
2;0;0;0;0;489
3;0;0;0;0;488
4;0;0;0;0;487
5;0;0;0;0;487
6;0;0;0;0;487
7;0;0;0;0;487
8;0;0;0;0;488
9;0;0;0;0;488
10;0;0;0;0;488
11;0;0;0;0;488
12;0;0;0;0;488
13;0;0;0;0;489
14;0;0;0;0;488
15;0;0;0;0;489
0;0;0;0;0;490
1;0;0;0;0;491
2;0;0;0;0;492
3;0;0;0;0;492
4;0;0;0;0;492
5;0;0;0;0;492
6;0;0;0;0;491
7;0;0;0;0;490
8;0;0;0;0;489
9;0;0;0;0;489
10;0;0;0;0;490
11;0;0;0;0;490
12;0;0;0;0;490
13;0;0;0;0;489
14;0;0;0;0;490
15;0;0;0;0;491
0;0;0;0;0;492
1;0;0;0;0;492
2;0;0;0;0;492
3;0;0;0;0;492
4;0;0;0;0;492
5;0;0;0;0;491
6;0;0;0;0;491
7;0;0;0;0;492
8;0;0;0;0;493
9;0;0;0;0;494
10;0;0;0;0;495
11;0;0;0;0;496
12;0;0;0;0;496
13;0;0;0;0;496
14;0;0;0;0;496
15;0;0;0;0;495
0;0;0;0;0;496
1;0;0;0;0;495
2;0;0;0;0;494
3;0;0;0;0;494
4;0;0;0;0;495
5;0;0;0;0;496
6;0;0;0;0;497
7;0;0;0;0;498
8;0;0;0;0;498
9;0;0;0;0;497
10;0;0;0;0;497
11;0;0;0;0;496
12;0;0;0;0;496
13;0;0;0;0;495
14;0;0;0;0;494
15;0;0;0;0;494
0;0;0;0;0;496
1;0;0;0;0;497
2;0;0;0;0;497
3;0;0;0;0;497
4;0;0;0;0;497
5;0;0;0;0;498
6;0;0;0;0;497
7;0;0;0;0;497
8;0;0;0;0;498
9;0;0;0;0;499
10;0;0;0;0;499
11;0;0;0;0;498
12;0;0;0;0;497
13;0;0;0;0;497
14;0;0;0;0;497
15;0;0;0;0;496
0;0;0;0;0;496
1;0;0;0;0;495
2;0;0;0;0;495
3;0;0;0;0;496
4;0;0;0;0;496
5;0;0;0;0;496
6;0;0;0;0;496
7;0;0;0;0;496
8;0;0;0;0;496
9;0;0;0;0;496
10;0;0;0;0;496
11;0;0;0;0;496
12;0;0;0;0;497
13;0;0;0;0;497
14;0;0;0;0;498
15;0;0;0;0;499
0;0;0;0;0;500
1;0;0;0;0;502
2;0;0;0;0;504
3;0;0;0;0;505
4;0;0;0;0;506
5;0;0;0;0;507
6;0;0;0;0;509
7;0;0;0;0;511
8;0;0;0;0;512
9;0;0;0;0;513
10;0;0;0;0;513
11;0;0;0;0;512
12;0;0;0;0;512
13;0;0;0;0;512
14;0;0;0;0;512
15;0;0;0;0;512
0;0;0;0;0;512
1;0;0;0;0;512
2;0;0;0;0;512
3;0;0;0;0;513
4;0;0;0;0;513
5;0;0;0;0;514
6;0;0;0;0;515
7;0;0;0;0;517
8;0;0;0;0;519
9;0;0;0;0;520
10;0;0;0;0;521
11;0;0;0;0;523
12;0;0;0;0;524
13;0;0;0;0;523
14;0;0;0;0;523
15;0;0;0;0;524
0;0;0;0;0;524
1;0;0;0;0;524
2;0;0;0;0;524
3;0;0;0;0;524
4;0;0;0;0;524
5;0;0;0;0;524
6;0;0;0;0;523
7;0;0;0;0;524
8;0;0;0;0;524
9;0;0;0;0;524
10;0;0;0;0;524
11;0;0;0;0;523
12;0;0;0;0;522
13;0;0;0;0;522
14;0;0;0;0;521
15;0;0;0;0;519
0;0;0;0;0;516
1;0;0;0;0;513
2;0;0;0;0;510
3;0;0;0;0;508
4;0;0;0;0;507
5;0;0;0;0;504
6;0;0;0;0;502
7;0;0;0;0;499
8;0;0;0;0;496
9;0;0;0;0;494
10;0;0;0;0;493
11;0;0;0;0;492
12;0;0;0;0;491
13;0;0;0;0;490
14;0;0;0;0;490
15;0;0;0;0;490
0;0;0;0;0;491
1;0;0;0;0;492
2;0;0;0;0;492
3;0;0;0;0;490
4;0;0;0;0;490
5;0;0;0;0;490
6;0;0;0;0;490
7;0;0;0;0;492
8;0;0;0;0;492
9;0;0;0;0;492
10;0;0;0;0;492
11;0;0;0;0;492
12;0;0;0;0;491
13;0;0;0;0;490
14;0;0;0;0;487
15;0;0;0;0;486
0;0;0;0;0;484
1;0;0;0;0;483
2;0;0;0;0;482
3;0;0;0;0;481
4;0;0;0;0;483
5;0;0;0;0;485
6;0;0;0;0;486
7;0;0;0;0;487
8;0;0;0;0;488
9;0;0;0;0;488
10;0;0;0;0;487
11;0;0;0;0;487
12;0;0;0;0;486
13;0;0;0;0;485
14;0;0;0;0;484
15;0;0;0;0;483
0;0;0;0;0;483
1;0;0;0;0;483
2;0;0;0;0;483
3;0;0;0;0;484
4;0;0;0;0;484
5;0;0;0;0;485
6;0;0;0;0;487
7;0;0;0;0;486
8;0;0;0;0;487
9;0;0;0;0;487
10;0;0;0;0;486
11;0;0;0;0;486
12;0;0;0;0;486
13;0;0;0;0;487
14;0;0;0;0;488
15;0;0;0;0;488
0;0;0;0;0;489
1;0;0;0;0;490
2;0;0;0;0;491
3;0;0;0;0;491
4;0;0;0;0;491
5;0;0;0;0;491
6;0;0;0;0;490
7;0;0;0;0;490
8;0;0;0;0;492
9;0;0;0;0;492
10;0;0;0;0;491
11;0;0;0;0;491
12;0;0;0;0;491
13;0;0;0;0;491
14;0;0;0;0;491
15;0;0;0;0;492
0;0;0;0;0;491
1;0;0;0;0;491
2;0;0;0;0;491
3;0;0;0;0;491
4;0;0;0;0;491
5;0;0;0;0;491
6;0;0;0;0;491
7;0;0;0;0;492
8;0;0;0;0;493
9;0;0;0;0;496
10;0;0;0;0;499
11;0;0;0;0;505
12;0;0;0;0;512
13;0;0;0;0;521
14;0;0;0;0;531
15;0;0;0;0;543
0;0;0;0;0;555
1;0;0;0;0;565
2;0;0;0;0;573
3;0;0;0;0;580
4;0;0;0;0;586
5;0;0;0;0;594
6;0;0;0;0;601
7;0;0;0;0;608
8;0;0;0;0;613
9;0;0;0;0;616
10;0;0;0;0;621
11;0;0;0;0;627
12;0;0;0;0;630
13;0;0;0;0;633
14;0;0;0;0;637
15;0;0;0;0;639
0;0;0;0;0;642
1;0;0;0;0;644
2;0;0;0;0;650
3;0;0;0;0;660
4;0;0;0;0;671
5;0;0;0;0;681
6;0;0;0;0;683
7;0;0;0;0;673
8;0;0;0;0;644
9;0;0;0;0;605
10;0;0;0;0;559
11;0;0;0;0;507
12;0;0;0;0;456
13;0;0;0;0;413
14;0;0;0;0;379
15;0;0;0;0;355
0;0;0;0;0;338
1;0;0;0;0;329
2;0;0;0;0;324
3;0;0;0;0;318
4;0;0;0;0;309
5;0;0;0;0;295
6;0;0;0;0;279
7;0;0;0;0;260
8;0;0;0;0;240
9;0;0;0;0;219
10;0;0;0;0;194
11;0;0;0;0;170
12;0;0;0;0;153
13;0;0;0;0;142
14;0;0;0;0;134
15;0;0;0;0;131
0;0;0;0;0;134
1;0;0;0;0;138
2;0;0;0;0;147
3;0;0;0;0;166
4;0;0;0;0;185
5;0;0;0;0;205
6;0;0;0;0;225
7;0;0;0;0;246
8;0;0;0;0;264
9;0;0;0;0;280
10;0;0;0;0;297
11;0;0;0;0;315
12;0;0;0;0;334
13;0;0;0;0;354
14;0;0;0;0;374
15;0;0;0;0;391
0;0;0;0;0;408
1;0;0;0;0;423
2;0;0;0;0;436
3;0;0;0;0;449
4;0;0;0;0;460
5;0;0;0;0;469
6;0;0;0;0;479
7;0;0;0;0;489
8;0;0;0;0;499
9;0;0;0;0;509
10;0;0;0;0;517
11;0;0;0;0;524
12;0;0;0;0;531
13;0;0;0;0;537
14;0;0;0;0;543
15;0;0;0;0;548
0;0;0;0;0;551
1;0;0;0;0;555
2;0;0;0;0;559
3;0;0;0;0;562
4;0;0;0;0;564
5;0;0;0;0;566
6;0;0;0;0;567
7;0;0;0;0;568
8;0;0;0;0;571
9;0;0;0;0;571
10;0;0;0;0;571
11;0;0;0;0;569
12;0;0;0;0;569
13;0;0;0;0;569
14;0;0;0;0;569
15;0;0;0;0;569
0;0;0;0;0;570
1;0;0;0;0;570
2;0;0;0;0;569
3;0;0;0;0;569
4;0;0;0;0;570
5;0;0;0;0;569
6;0;0;0;0;569
7;0;0;0;0;569
8;0;0;0;0;568
9;0;0;0;0;568
10;0;0;0;0;568
11;0;0;0;0;567
12;0;0;0;0;568
13;0;0;0;0;568
14;0;0;0;0;568
15;0;0;0;0;568
0;0;0;0;0;568
1;0;0;0;0;567
2;0;0;0;0;568
3;0;0;0;0;569
4;0;0;0;0;568
5;0;0;0;0;568
6;0;0;0;0;568
7;0;0;0;0;568
8;0;0;0;0;566
9;0;0;0;0;566
10;0;0;0;0;565
11;0;0;0;0;565
12;0;0;0;0;564
13;0;0;0;0;564
14;0;0;0;0;564
15;0;0;0;0;564
0;0;0;0;0;563
1;0;0;0;0;562
2;0;0;0;0;562
3;0;0;0;0;561
4;0;0;0;0;559
5;0;0;0;0;559
6;0;0;0;0;558
7;0;0;0;0;558
8;0;0;0;0;559
9;0;0;0;0;560
10;0;0;0;0;559
11;0;0;0;0;560
12;0;0;0;0;559
13;0;0;0;0;558
14;0;0;0;0;558
15;0;0;0;0;558
0;0;0;0;0;558
1;0;0;0;0;558
2;0;0;0;0;556
3;0;0;0;0;556
4;0;0;0;0;555
5;0;0;0;0;552
6;0;0;0;0;550
7;0;0;0;0;548
8;0;0;0;0;547
9;0;0;0;0;548
10;0;0;0;0;548
11;0;0;0;0;550
12;0;0;0;0;550
13;0;0;0;0;552
14;0;0;0;0;554
15;0;0;0;0;555
0;0;0;0;0;555
1;0;0;0;0;555
2;0;0;0;0;554
3;0;0;0;0;554
4;0;0;0;0;553
5;0;0;0;0;553
6;0;0;0;0;553
7;0;0;0;0;553
8;0;0;0;0;553
9;0;0;0;0;553
10;0;0;0;0;553
11;0;0;0;0;552
12;0;0;0;0;552
13;0;0;0;0;551
14;0;0;0;0;552
15;0;0;0;0;552
0;0;0;0;0;553
1;0;0;0;0;552
2;0;0;0;0;552
3;0;0;0;0;552
4;0;0;0;0;552
5;0;0;0;0;553
6;0;0;0;0;555
7;0;0;0;0;556
8;0;0;0;0;556
9;0;0;0;0;556
10;0;0;0;0;557
11;0;0;0;0;558
12;0;0;0;0;558
13;0;0;0;0;558
14;0;0;0;0;558
15;0;0;0;0;558
0;0;0;0;0;558
1;0;0;0;0;557
2;0;0;0;0;558
3;0;0;0;0;558
4;0;0;0;0;557
5;0;0;0;0;557
6;0;0;0;0;557
7;0;0;0;0;558
8;0;0;0;0;559
9;0;0;0;0;561
10;0;0;0;0;562
11;0;0;0;0;563
12;0;0;0;0;564
13;0;0;0;0;566
14;0;0;0;0;566
15;0;0;0;0;566
0;0;0;0;0;568
1;0;0;0;0;567
2;0;0;0;0;568
3;0;0;0;0;568
4;0;0;0;0;568
5;0;0;0;0;570
6;0;0;0;0;571
7;0;0;0;0;573
8;0;0;0;0;574
9;0;0;0;0;573
10;0;0;0;0;572
11;0;0;0;0;572
12;0;0;0;0;573
13;0;0;0;0;573
14;0;0;0;0;572
15;0;0;0;0;572
0;0;0;0;0;571
1;0;0;0;0;570
2;0;0;0;0;570
3;0;0;0;0;570
4;0;0;0;0;570
5;0;0;0;0;568
6;0;0;0;0;567
7;0;0;0;0;566
8;0;0;0;0;567
9;0;0;0;0;568
10;0;0;0;0;567
11;0;0;0;0;567
12;0;0;0;0;567
13;0;0;0;0;567
14;0;0;0;0;567
15;0;0;0;0;566
0;0;0;0;0;564
1;0;0;0;0;562
2;0;0;0;0;560
3;0;0;0;0;560
4;0;0;0;0;560
5;0;0;0;0;558
6;0;0;0;0;556
7;0;0;0;0;555
8;0;0;0;0;553
9;0;0;0;0;552
10;0;0;0;0;551
11;0;0;0;0;549
12;0;0;0;0;548
13;0;0;0;0;548
14;0;0;0;0;547
15;0;0;0;0;547
0;0;0;0;0;545
1;0;0;0;0;545
2;0;0;0;0;544
3;0;0;0;0;543
4;0;0;0;0;542
5;0;0;0;0;541
6;0;0;0;0;540
7;0;0;0;0;540
8;0;0;0;0;539
9;0;0;0;0;537
10;0;0;0;0;535
11;0;0;0;0;531
12;0;0;0;0;530
13;0;0;0;0;528
14;0;0;0;0;527
15;0;0;0;0;526
0;0;0;0;0;525
1;0;0;0;0;523
2;0;0;0;0;520
3;0;0;0;0;518
4;0;0;0;0;515
5;0;0;0;0;512
6;0;0;0;0;507
7;0;0;0;0;503
8;0;0;0;0;501
9;0;0;0;0;499
10;0;0;0;0;498
11;0;0;0;0;497
12;0;0;0;0;495
13;0;0;0;0;493
14;0;0;0;0;491
15;0;0;0;0;490
0;0;0;0;0;488
1;0;0;0;0;486
2;0;0;0;0;485
3;0;0;0;0;484
4;0;0;0;0;483
5;0;0;0;0;482
6;0;0;0;0;480
7;0;0;0;0;479
8;0;0;0;0;479
9;0;0;0;0;478
10;0;0;0;0;477
11;0;0;0;0;476
12;0;0;0;0;477
13;0;0;0;0;477
14;0;0;0;0;476
15;0;0;0;0;477
0;0;0;0;0;476
1;0;0;0;0;476
2;0;0;0;0;475
3;0;0;0;0;474
4;0;0;0;0;474
5;0;0;0;0;472
6;0;0;0;0;471
7;0;0;0;0;470
8;0;0;0;0;469
9;0;0;0;0;469
10;0;0;0;0;470
11;0;0;0;0;470
12;0;0;0;0;469
13;0;0;0;0;469
14;0;0;0;0;469
15;0;0;0;0;468
0;0;0;0;0;468
1;0;0;0;0;469
2;0;0;0;0;470
3;0;0;0;0;470
4;0;0;0;0;471
5;0;0;0;0;471
6;0;0;0;0;469
7;0;0;0;0;468
8;0;0;0;0;468
9;0;0;0;0;468
10;0;0;0;0;468
11;0;0;0;0;467
12;0;0;0;0;466
13;0;0;0;0;466
14;0;0;0;0;466
15;0;0;0;0;466
0;0;0;0;0;466
1;0;0;0;0;466
2;0;0;0;0;466
3;0;0;0;0;466
4;0;0;0;0;467
5;0;0;0;0;468
6;0;0;0;0;467
7;0;0;0;0;467
8;0;0;0;0;468
9;0;0;0;0;467
10;0;0;0;0;468
11;0;0;0;0;468
12;0;0;0;0;469
13;0;0;0;0;468
14;0;0;0;0;469
15;0;0;0;0;469
0;0;0;0;0;469
1;0;0;0;0;470
2;0;0;0;0;471
3;0;0;0;0;471
4;0;0;0;0;473
5;0;0;0;0;473
6;0;0;0;0;474
7;0;0;0;0;474
8;0;0;0;0;474
9;0;0;0;0;475
10;0;0;0;0;476
11;0;0;0;0;476
12;0;0;0;0;477
13;0;0;0;0;477
14;0;0;0;0;478
15;0;0;0;0;478
0;0;0;0;0;478
1;0;0;0;0;477
2;0;0;0;0;478
3;0;0;0;0;477
4;0;0;0;0;477
5;0;0;0;0;478
6;0;0;0;0;478
7;0;0;0;0;479
8;0;0;0;0;478
9;0;0;0;0;477
10;0;0;0;0;477
11;0;0;0;0;476
12;0;0;0;0;477
13;0;0;0;0;477
14;0;0;0;0;478
15;0;0;0;0;478
0;0;0;0;0;479
1;0;0;0;0;480
2;0;0;0;0;480
3;0;0;0;0;479
4;0;0;0;0;480
5;0;0;0;0;481
6;0;0;0;0;482
7;0;0;0;0;482
8;0;0;0;0;482
9;0;0;0;0;482
10;0;0;0;0;482
11;0;0;0;0;483
12;0;0;0;0;483
13;0;0;0;0;484
14;0;0;0;0;484
15;0;0;0;0;484
0;0;0;0;0;484
1;0;0;0;0;484
2;0;0;0;0;485
3;0;0;0;0;486
4;0;0;0;0;486
5;0;0;0;0;487
6;0;0;0;0;488
7;0;0;0;0;488
8;0;0;0;0;488
9;0;0;0;0;488
10;0;0;0;0;488
11;0;0;0;0;488
12;0;0;0;0;488
13;0;0;0;0;488
14;0;0;0;0;489
15;0;0;0;0;489
0;0;0;0;0;490
1;0;0;0;0;491
2;0;0;0;0;492
3;0;0;0;0;492
4;0;0;0;0;493
5;0;0;0;0;492
6;0;0;0;0;491
7;0;0;0;0;491
8;0;0;0;0;491
9;0;0;0;0;492
10;0;0;0;0;492
11;0;0;0;0;491
12;0;0;0;0;491
13;0;0;0;0;492
14;0;0;0;0;492
15;0;0;0;0;492
0;0;0;0;0;492
1;0;0;0;0;492
2;0;0;0;0;491
3;0;0;0;0;492
4;0;0;0;0;492
5;0;0;0;0;492
6;0;0;0;0;492
7;0;0;0;0;492
8;0;0;0;0;493
9;0;0;0;0;494
10;0;0;0;0;495
11;0;0;0;0;496
12;0;0;0;0;496
13;0;0;0;0;496
14;0;0;0;0;496
15;0;0;0;0;494
0;0;0;0;0;494
1;0;0;0;0;493
2;0;0;0;0;493
3;0;0;0;0;492
4;0;0;0;0;491
5;0;0;0;0;491
6;0;0;0;0;491
7;0;0;0;0;492
8;0;0;0;0;492
9;0;0;0;0;492
10;0;0;0;0;492
11;0;0;0;0;492
12;0;0;0;0;493
13;0;0;0;0;494
14;0;0;0;0;493
15;0;0;0;0;494
0;0;0;0;0;493
1;0;0;0;0;492
2;0;0;0;0;491
3;0;0;0;0;492
4;0;0;0;0;492
5;0;0;0;0;493
6;0;0;0;0;493
7;0;0;0;0;493
8;0;0;0;0;493
9;0;0;0;0;493
10;0;0;0;0;495
11;0;0;0;0;496
12;0;0;0;0;496
13;0;0;0;0;496
14;0;0;0;0;497
15;0;0;0;0;497
0;0;0;0;0;498
1;0;0;0;0;498
2;0;0;0;0;498
3;0;0;0;0;498
4;0;0;0;0;499
5;0;0;0;0;500
6;0;0;0;0;500
7;0;0;0;0;499
8;0;0;0;0;499
9;0;0;0;0;498
10;0;0;0;0;496
11;0;0;0;0;496
12;0;0;0;0;496
13;0;0;0;0;496
14;0;0;0;0;496
15;0;0;0;0;498
0;0;0;0;0;499
1;0;0;0;0;499
2;0;0;0;0;499
3;0;0;0;0;499
4;0;0;0;0;499
5;0;0;0;0;499
6;0;0;0;0;499
7;0;0;0;0;497
8;0;0;0;0;495
9;0;0;0;0;494
10;0;0;0;0;493
11;0;0;0;0;493
12;0;0;0;0;493
13;0;0;0;0;493
14;0;0;0;0;494
15;0;0;0;0;496
0;0;0;0;0;496
1;0;0;0;0;497
2;0;0;0;0;498
3;0;0;0;0;499
4;0;0;0;0;500
5;0;0;0;0;501
6;0;0;0;0;502
7;0;0;0;0;504
8;0;0;0;0;505
9;0;0;0;0;505
10;0;0;0;0;505
11;0;0;0;0;505
12;0;0;0;0;507
13;0;0;0;0;507
14;0;0;0;0;508
15;0;0;0;0;509
0;0;0;0;0;510
1;0;0;0;0;510
2;0;0;0;0;512
3;0;0;0;0;513
4;0;0;0;0;513
5;0;0;0;0;514
6;0;0;0;0;513
7;0;0;0;0;514
8;0;0;0;0;516
9;0;0;0;0;516
10;0;0;0;0;518
11;0;0;0;0;519
12;0;0;0;0;521
13;0;0;0;0;521
14;0;0;0;0;522
15;0;0;0;0;523
0;0;0;0;0;523
1;0;0;0;0;524
2;0;0;0;0;523
3;0;0;0;0;522
4;0;0;0;0;521
5;0;0;0;0;520
6;0;0;0;0;518
7;0;0;0;0;518
8;0;0;0;0;519
9;0;0;0;0;519
10;0;0;0;0;519
11;0;0;0;0;520
12;0;0;0;0;520
13;0;0;0;0;520
14;0;0;0;0;520
15;0;0;0;0;520
0;0;0;0;0;521
1;0;0;0;0;521
2;0;0;0;0;521
3;0;0;0;0;520
4;0;0;0;0;517
5;0;0;0;0;516
6;0;0;0;0;515
7;0;0;0;0;512
8;0;0;0;0;508
9;0;0;0;0;504
10;0;0;0;0;500
11;0;0;0;0;496
12;0;0;0;0;495
13;0;0;0;0;494
14;0;0;0;0;492
15;0;0;0;0;491
0;0;0;0;0;490
1;0;0;0;0;490
2;0;0;0;0;490
3;0;0;0;0;491
4;0;0;0;0;490
5;0;0;0;0;488
6;0;0;0;0;487
7;0;0;0;0;486
8;0;0;0;0;486
9;0;0;0;0;487
10;0;0;0;0;489
11;0;0;0;0;490
12;0;0;0;0;492
13;0;0;0;0;492
14;0;0;0;0;491
15;0;0;0;0;491
0;0;0;0;0;489
1;0;0;0;0;488
2;0;0;0;0;487
3;0;0;0;0;485
4;0;0;0;0;484
5;0;0;0;0;484
6;0;0;0;0;484
7;0;0;0;0;485
8;0;0;0;0;487
9;0;0;0;0;488
10;0;0;0;0;487
11;0;0;0;0;488
12;0;0;0;0;488
13;0;0;0;0;488
14;0;0;0;0;488
15;0;0;0;0;488
0;0;0;0;0;486
1;0;0;0;0;485
2;0;0;0;0;484
3;0;0;0;0;483
4;0;0;0;0;483
5;0;0;0;0;481
6;0;0;0;0;482
7;0;0;0;0;484
8;0;0;0;0;485
9;0;0;0;0;486
10;0;0;0;0;487
11;0;0;0;0;487
12;0;0;0;0;487
13;0;0;0;0;486
14;0;0;0;0;485
15;0;0;0;0;485
0;0;0;0;0;485
1;0;0;0;0;485
2;0;0;0;0;485
3;0;0;0;0;486
4;0;0;0;0;487
5;0;0;0;0;488
6;0;0;0;0;488
7;0;0;0;0;489
8;0;0;0;0;491
9;0;0;0;0;492
10;0;0;0;0;491
11;0;0;0;0;492
12;0;0;0;0;492
13;0;0;0;0;492
14;0;0;0;0;492
15;0;0;0;0;492
0;0;0;0;0;492
1;0;0;0;0;492
2;0;0;0;0;492
3;0;0;0;0;492
4;0;0;0;0;493
5;0;0;0;0;493
6;0;0;0;0;492
7;0;0;0;0;493
8;0;0;0;0;495
9;0;0;0;0;495
10;0;0;0;0;496
11;0;0;0;0;497
12;0;0;0;0;499
13;0;0;0;0;501
14;0;0;0;0;504
15;0;0;0;0;509
0;0;0;0;0;517
1;0;0;0;0;525
2;0;0;0;0;535
3;0;0;0;0;545
4;0;0;0;0;556
5;0;0;0;0;566
6;0;0;0;0;574
7;0;0;0;0;581
8;0;0;0;0;588
9;0;0;0;0;596
10;0;0;0;0;604
11;0;0;0;0;610
12;0;0;0;0;615
13;0;0;0;0;620
14;0;0;0;0;625
15;0;0;0;0;629
0;0;0;0;0;630
1;0;0;0;0;633
2;0;0;0;0;635
3;0;0;0;0;638
4;0;0;0;0;640
5;0;0;0;0;643
6;0;0;0;0;651
7;0;0;0;0;662
8;0;0;0;0;673
9;0;0;0;0;679
10;0;0;0;0;673
11;0;0;0;0;652
12;0;0;0;0;615
13;0;0;0;0;571
14;0;0;0;0;520
15;0;0;0;0;468
0;0;0;0;0;420
1;0;0;0;0;381
2;0;0;0;0;351
3;0;0;0;0;333
4;0;0;0;0;321
5;0;0;0;0;316
6;0;0;0;0;313
7;0;0;0;0;308
8;0;0;0;0;299
9;0;0;0;0;286
10;0;0;0;0;269
11;0;0;0;0;250
12;0;0;0;0;231
13;0;0;0;0;207
14;0;0;0;0;182
15;0;0;0;0;163
0;0;0;0;0;150
1;0;0;0;0;142
2;0;0;0;0;138
3;0;0;0;0;138
4;0;0;0;0;142
5;0;0;0;0;149
6;0;0;0;0;163
7;0;0;0;0;184
8;0;0;0;0;206
9;0;0;0;0;225
10;0;0;0;0;245
11;0;0;0;0;264
12;0;0;0;0;281
13;0;0;0;0;297
14;0;0;0;0;316
15;0;0;0;0;335
0;0;0;0;0;355
1;0;0;0;0;376
2;0;0;0;0;395
3;0;0;0;0;411
4;0;0;0;0;426
5;0;0;0;0;439
6;0;0;0;0;450
7;0;0;0;0;459
8;0;0;0;0;469
9;0;0;0;0;478
10;0;0;0;0;489
11;0;0;0;0;499
12;0;0;0;0;508
13;0;0;0;0;516
14;0;0;0;0;524
15;0;0;0;0;531
0;0;0;0;0;538
1;0;0;0;0;543
2;0;0;0;0;548
3;0;0;0;0;554
4;0;0;0;0;558
5;0;0;0;0;560
6;0;0;0;0;562
7;0;0;0;0;563
8;0;0;0;0;563
9;0;0;0;0;563
10;0;0;0;0;563
11;0;0;0;0;563
12;0;0;0;0;563
13;0;0;0;0;563
14;0;0;0;0;564
15;0;0;0;0;566
0;0;0;0;0;568
1;0;0;0;0;569
2;0;0;0;0;569
3;0;0;0;0;570
4;0;0;0;0;570
5;0;0;0;0;570
6;0;0;0;0;571
7;0;0;0;0;570
8;0;0;0;0;571
9;0;0;0;0;571
10;0;0;0;0;571
11;0;0;0;0;571
12;0;0;0;0;571
13;0;0;0;0;571
14;0;0;0;0;571
15;0;0;0;0;572
0;0;0;0;0;573
1;0;0;0;0;572
2;0;0;0;0;574
3;0;0;0;0;575
4;0;0;0;0;574
5;0;0;0;0;574
6;0;0;0;0;573
7;0;0;0;0;573
8;0;0;0;0;571
9;0;0;0;0;569
10;0;0;0;0;567
11;0;0;0;0;567
12;0;0;0;0;567
13;0;0;0;0;565
14;0;0;0;0;564
15;0;0;0;0;563
0;0;0;0;0;562
1;0;0;0;0;561
2;0;0;0;0;560
3;0;0;0;0;560
4;0;0;0;0;561
5;0;0;0;0;561
6;0;0;0;0;563
7;0;0;0;0;563
8;0;0;0;0;563
9;0;0;0;0;562
10;0;0;0;0;561
11;0;0;0;0;560
12;0;0;0;0;560
13;0;0;0;0;559
14;0;0;0;0;559
15;0;0;0;0;560
0;0;0;0;0;560
1;0;0;0;0;560
2;0;0;0;0;559
3;0;0;0;0;558
4;0;0;0;0;558
5;0;0;0;0;557
6;0;0;0;0;556
7;0;0;0;0;557
8;0;0;0;0;557
9;0;0;0;0;557
10;0;0;0;0;558
11;0;0;0;0;558
12;0;0;0;0;557
13;0;0;0;0;557
14;0;0;0;0;556
15;0;0;0;0;555
0;0;0;0;0;555
1;0;0;0;0;555
2;0;0;0;0;556
3;0;0;0;0;555
4;0;0;0;0;555
5;0;0;0;0;555
6;0;0;0;0;556
7;0;0;0;0;557
8;0;0;0;0;557
9;0;0;0;0;556
10;0;0;0;0;555
11;0;0;0;0;553
12;0;0;0;0;552
13;0;0;0;0;551
14;0;0;0;0;550
15;0;0;0;0;548
0;0;0;0;0;548
1;0;0;0;0;548
2;0;0;0;0;548
3;0;0;0;0;549
4;0;0;0;0;549
5;0;0;0;0;550
6;0;0;0;0;551
7;0;0;0;0;552
8;0;0;0;0;552
9;0;0;0;0;553
10;0;0;0;0;554
11;0;0;0;0;555
12;0;0;0;0;555
13;0;0;0;0;555
14;0;0;0;0;555
15;0;0;0;0;555
0;0;0;0;0;555
1;0;0;0;0;556
2;0;0;0;0;556
3;0;0;0;0;557
4;0;0;0;0;557
5;0;0;0;0;558
6;0;0;0;0;558
7;0;0;0;0;559
8;0;0;0;0;559
9;0;0;0;0;560
10;0;0;0;0;560
11;0;0;0;0;560
12;0;0;0;0;560
13;0;0;0;0;560
14;0;0;0;0;561
15;0;0;0;0;563
0;0;0;0;0;564
1;0;0;0;0;566
2;0;0;0;0;566
3;0;0;0;0;565
4;0;0;0;0;565
5;0;0;0;0;566
6;0;0;0;0;566
7;0;0;0;0;565
8;0;0;0;0;565
9;0;0;0;0;566
10;0;0;0;0;566
11;0;0;0;0;566
12;0;0;0;0;566
13;0;0;0;0;566
14;0;0;0;0;566
15;0;0;0;0;566
0;0;0;0;0;567
1;0;0;0;0;568
2;0;0;0;0;568
3;0;0;0;0;568
4;0;0;0;0;568
5;0;0;0;0;568
6;0;0;0;0;568
7;0;0;0;0;567
8;0;0;0;0;566
9;0;0;0;0;566
10;0;0;0;0;567
11;0;0;0;0;567
12;0;0;0;0;567
13;0;0;0;0;568
14;0;0;0;0;566
15;0;0;0;0;564
0;0;0;0;0;563
1;0;0;0;0;563
2;0;0;0;0;563
3;0;0;0;0;563
4;0;0;0;0;563
5;0;0;0;0;562
6;0;0;0;0;561
7;0;0;0;0;561
8;0;0;0;0;560
9;0;0;0;0;560
10;0;0;0;0;560
11;0;0;0;0;560
12;0;0;0;0;560
13;0;0;0;0;558
14;0;0;0;0;557
15;0;0;0;0;556
0;0;0;0;0;554
1;0;0;0;0;552
2;0;0;0;0;551
3;0;0;0;0;551
4;0;0;0;0;550
5;0;0;0;0;548
6;0;0;0;0;546
7;0;0;0;0;543
8;0;0;0;0;542
9;0;0;0;0;540
10;0;0;0;0;540
11;0;0;0;0;539
12;0;0;0;0;537
13;0;0;0;0;534
14;0;0;0;0;532
15;0;0;0;0;530
0;0;0;0;0;529
1;0;0;0;0;527
2;0;0;0;0;525
3;0;0;0;0;524
4;0;0;0;0;523
5;0;0;0;0;520
6;0;0;0;0;519
7;0;0;0;0;518
8;0;0;0;0;516
9;0;0;0;0;514
10;0;0;0;0;512
11;0;0;0;0;510
12;0;0;0;0;508
13;0;0;0;0;507
14;0;0;0;0;505
15;0;0;0;0;504
0;0;0;0;0;503
1;0;0;0;0;500
2;0;0;0;0;497
3;0;0;0;0;495
4;0;0;0;0;494
5;0;0;0;0;493
6;0;0;0;0;491
7;0;0;0;0;489
8;0;0;0;0;487
9;0;0;0;0;486
10;0;0;0;0;484
11;0;0;0;0;484
12;0;0;0;0;483
13;0;0;0;0;481
14;0;0;0;0;479
15;0;0;0;0;476
0;0;0;0;0;475
1;0;0;0;0;475
2;0;0;0;0;475
3;0;0;0;0;475
4;0;0;0;0;474
5;0;0;0;0;475
6;0;0;0;0;474
7;0;0;0;0;474
8;0;0;0;0;473
9;0;0;0;0;472
10;0;0;0;0;471
11;0;0;0;0;471
12;0;0;0;0;470
13;0;0;0;0;469
14;0;0;0;0;468
15;0;0;0;0;469
0;0;0;0;0;470
1;0;0;0;0;471
2;0;0;0;0;471
3;0;0;0;0;469
4;0;0;0;0;468
5;0;0;0;0;467
6;0;0;0;0;467
7;0;0;0;0;467
8;0;0;0;0;468
9;0;0;0;0;468
10;0;0;0;0;468
11;0;0;0;0;468
12;0;0;0;0;467
13;0;0;0;0;467
14;0;0;0;0;466
15;0;0;0;0;465
0;0;0;0;0;465
1;0;0;0;0;466
2;0;0;0;0;466
3;0;0;0;0;466
4;0;0;0;0;466
5;0;0;0;0;466
6;0;0;0;0;466
7;0;0;0;0;465
8;0;0;0;0;465
9;0;0;0;0;465
10;0;0;0;0;466
11;0;0;0;0;467
12;0;0;0;0;467
13;0;0;0;0;468
14;0;0;0;0;470
15;0;0;0;0;470
0;0;0;0;0;471
1;0;0;0;0;472
2;0;0;0;0;472
3;0;0;0;0;472
4;0;0;0;0;472
5;0;0;0;0;474
6;0;0;0;0;473
7;0;0;0;0;473
8;0;0;0;0;473
9;0;0;0;0;473
10;0;0;0;0;473
11;0;0;0;0;473
12;0;0;0;0;474
13;0;0;0;0;475
14;0;0;0;0;474
15;0;0;0;0;476
0;0;0;0;0;478
1;0;0;0;0;477
2;0;0;0;0;477
3;0;0;0;0;477
4;0;0;0;0;478
5;0;0;0;0;478
6;0;0;0;0;478
7;0;0;0;0;477
8;0;0;0;0;475
9;0;0;0;0;475
10;0;0;0;0;475
11;0;0;0;0;476
12;0;0;0;0;477
13;0;0;0;0;477
14;0;0;0;0;478
15;0;0;0;0;478
0;0;0;0;0;480
1;0;0;0;0;480
2;0;0;0;0;481
3;0;0;0;0;482
4;0;0;0;0;483
5;0;0;0;0;483
6;0;0;0;0;481
7;0;0;0;0;480
8;0;0;0;0;480
9;0;0;0;0;480
10;0;0;0;0;480
11;0;0;0;0;480
12;0;0;0;0;480
13;0;0;0;0;480
14;0;0;0;0;480
15;0;0;0;0;482
0;0;0;0;0;483
1;0;0;0;0;483
2;0;0;0;0;483
3;0;0;0;0;483
4;0;0;0;0;483
5;0;0;0;0;483
6;0;0;0;0;483
7;0;0;0;0;483
8;0;0;0;0;483
9;0;0;0;0;484
10;0;0;0;0;484
11;0;0;0;0;485
12;0;0;0;0;486
13;0;0;0;0;486
14;0;0;0;0;487
15;0;0;0;0;488
0;0;0;0;0;489
1;0;0;0;0;490
2;0;0;0;0;491
3;0;0;0;0;492
4;0;0;0;0;492
5;0;0;0;0;493
6;0;0;0;0;493
7;0;0;0;0;492
8;0;0;0;0;492
9;0;0;0;0;491
10;0;0;0;0;490
11;0;0;0;0;491
12;0;0;0;0;491
13;0;0;0;0;493
14;0;0;0;0;493
15;0;0;0;0;493
0;0;0;0;0;493
1;0;0;0;0;494
2;0;0;0;0;495
3;0;0;0;0;495
4;0;0;0;0;496
5;0;0;0;0;496
6;0;0;0;0;496
7;0;0;0;0;496
8;0;0;0;0;495
9;0;0;0;0;495
10;0;0;0;0;494
11;0;0;0;0;494
12;0;0;0;0;495
13;0;0;0;0;495
14;0;0;0;0;496
15;0;0;0;0;497
0;0;0;0;0;498
1;0;0;0;0;499
2;0;0;0;0;499
3;0;0;0;0;498
4;0;0;0;0;498
5;0;0;0;0;498
6;0;0;0;0;497
7;0;0;0;0;497
8;0;0;0;0;497
9;0;0;0;0;497
10;0;0;0;0;497
11;0;0;0;0;497
12;0;0;0;0;498
13;0;0;0;0;498
14;0;0;0;0;499
15;0;0;0;0;499
0;0;0;0;0;499
1;0;0;0;0;500
2;0;0;0;0;500
3;0;0;0;0;501
4;0;0;0;0;501
5;0;0;0;0;500
6;0;0;0;0;498
7;0;0;0;0;497
8;0;0;0;0;497
9;0;0;0;0;497
10;0;0;0;0;497
11;0;0;0;0;498
12;0;0;0;0;499
13;0;0;0;0;501
14;0;0;0;0;502
15;0;0;0;0;501
0;0;0;0;0;502
1;0;0;0;0;501
2;0;0;0;0;501
3;0;0;0;0;499
4;0;0;0;0;497
5;0;0;0;0;497
6;0;0;0;0;496
7;0;0;0;0;495
8;0;0;0;0;496
9;0;0;0;0;497
10;0;0;0;0;496
11;0;0;0;0;497
12;0;0;0;0;498
13;0;0;0;0;498
14;0;0;0;0;499
15;0;0;0;0;498
0;0;0;0;0;497
1;0;0;0;0;498
2;0;0;0;0;496
3;0;0;0;0;497
4;0;0;0;0;497
5;0;0;0;0;496
6;0;0;0;0;496
7;0;0;0;0;496
8;0;0;0;0;496
9;0;0;0;0;495
10;0;0;0;0;495
11;0;0;0;0;496
12;0;0;0;0;496
13;0;0;0;0;496
14;0;0;0;0;497
15;0;0;0;0;496
0;0;0;0;0;498
1;0;0;0;0;498
2;0;0;0;0;499
3;0;0;0;0;499
4;0;0;0;0;499
5;0;0;0;0;499
6;0;0;0;0;500
7;0;0;0;0;500
8;0;0;0;0;501
9;0;0;0;0;501
10;0;0;0;0;502
11;0;0;0;0;502
12;0;0;0;0;502
13;0;0;0;0;501
14;0;0;0;0;500
15;0;0;0;0;499
0;0;0;0;0;499
1;0;0;0;0;499
2;0;0;0;0;498
3;0;0;0;0;498
4;0;0;0;0;499
5;0;0;0;0;499
6;0;0;0;0;500
7;0;0;0;0;501
8;0;0;0;0;503
9;0;0;0;0;505
10;0;0;0;0;506
11;0;0;0;0;506
12;0;0;0;0;507
13;0;0;0;0;508
14;0;0;0;0;510
15;0;0;0;0;512
0;0;0;0;0;513
1;0;0;0;0;515
2;0;0;0;0;515
3;0;0;0;0;515
4;0;0;0;0;515
5;0;0;0;0;515
6;0;0;0;0;514
7;0;0;0;0;515
8;0;0;0;0;516
9;0;0;0;0;517
10;0;0;0;0;519
11;0;0;0;0;521
12;0;0;0;0;523
13;0;0;0;0;525
14;0;0;0;0;526
15;0;0;0;0;527
0;0;0;0;0;527
1;0;0;0;0;527
2;0;0;0;0;526
3;0;0;0;0;524
4;0;0;0;0;522
5;0;0;0;0;520
6;0;0;0;0;519
7;0;0;0;0;519
8;0;0;0;0;519
9;0;0;0;0;519
10;0;0;0;0;519
11;0;0;0;0;519
12;0;0;0;0;520
13;0;0;0;0;520
14;0;0;0;0;521
15;0;0;0;0;522
0;0;0;0;0;522
1;0;0;0;0;523
2;0;0;0;0;522
3;0;0;0;0;520
4;0;0;0;0;518
5;0;0;0;0;515
6;0;0;0;0;512
7;0;0;0;0;509
8;0;0;0;0;506
9;0;0;0;0;503
10;0;0;0;0;501
11;0;0;0;0;497
12;0;0;0;0;493
13;0;0;0;0;490
14;0;0;0;0;487
15;0;0;0;0;484
0;0;0;0;0;483
1;0;0;0;0;483
2;0;0;0;0;483
3;0;0;0;0;483
4;0;0;0;0;483
5;0;0;0;0;483
6;0;0;0;0;483
7;0;0;0;0;484
8;0;0;0;0;485
9;0;0;0;0;485
10;0;0;0;0;487
11;0;0;0;0;488
12;0;0;0;0;489
13;0;0;0;0;491
14;0;0;0;0;491
15;0;0;0;0;491
0;0;0;0;0;491
1;0;0;0;0;490
2;0;0;0;0;487
3;0;0;0;0;486
4;0;0;0;0;486
5;0;0;0;0;485
6;0;0;0;0;486
7;0;0;0;0;486
8;0;0;0;0;488
9;0;0;0;0;490
10;0;0;0;0;492
11;0;0;0;0;491
12;0;0;0;0;490
13;0;0;0;0;489
14;0;0;0;0;490
15;0;0;0;0;490
0;0;0;0;0;490
1;0;0;0;0;489
2;0;0;0;0;489
3;0;0;0;0;490
4;0;0;0;0;489
5;0;0;0;0;489
6;0;0;0;0;488
7;0;0;0;0;490
8;0;0;0;0;491
9;0;0;0;0;491
10;0;0;0;0;491
11;0;0;0;0;493
12;0;0;0;0;492
13;0;0;0;0;491
14;0;0;0;0;490
15;0;0;0;0;489
0;0;0;0;0;489
1;0;0;0;0;489
2;0;0;0;0;491
3;0;0;0;0;491
4;0;0;0;0;492
5;0;0;0;0;492
6;0;0;0;0;492
7;0;0;0;0;492
8;0;0;0;0;491
9;0;0;0;0;491
10;0;0;0;0;490
11;0;0;0;0;490
12;0;0;0;0;492
13;0;0;0;0;492
14;0;0;0;0;493
15;0;0;0;0;493
0;0;0;0;0;493
1;0;0;0;0;493
2;0;0;0;0;492
3;0;0;0;0;492
4;0;0;0;0;494
5;0;0;0;0;494
6;0;0;0;0;495
7;0;0;0;0;497
8;0;0;0;0;498
9;0;0;0;0;499
10;0;0;0;0;499
11;0;0;0;0;500
12;0;0;0;0;501
13;0;0;0;0;502
14;0;0;0;0;505
15;0;0;0;0;512
0;0;0;0;0;519
1;0;0;0;0;527
2;0;0;0;0;537
3;0;0;0;0;547
4;0;0;0;0;558
5;0;0;0;0;568
6;0;0;0;0;577
7;0;0;0;0;585
8;0;0;0;0;591
9;0;0;0;0;597
10;0;0;0;0;604
11;0;0;0;0;609
12;0;0;0;0;614
13;0;0;0;0;617
14;0;0;0;0;621
15;0;0;0;0;624
0;0;0;0;0;623
1;0;0;0;0;624
2;0;0;0;0;625
3;0;0;0;0;625
4;0;0;0;0;627
5;0;0;0;0;628
6;0;0;0;0;633
7;0;0;0;0;641
8;0;0;0;0;651
9;0;0;0;0;658
10;0;0;0;0;656
11;0;0;0;0;641
12;0;0;0;0;608
13;0;0;0;0;566
14;0;0;0;0;517
15;0;0;0;0;463
0;0;0;0;0;413
1;0;0;0;0;372
2;0;0;0;0;342
3;0;0;0;0;322
4;0;0;0;0;309
5;0;0;0;0;303
6;0;0;0;0;303
7;0;0;0;0;303
8;0;0;0;0;299
9;0;0;0;0;292
10;0;0;0;0;280
11;0;0;0;0;264
12;0;0;0;0;248
13;0;0;0;0;229
14;0;0;0;0;206
15;0;0;0;0;185
0;0;0;0;0;171
1;0;0;0;0;163
2;0;0;0;0;158
3;0;0;0;0;156
4;0;0;0;0;159
5;0;0;0;0;166
6;0;0;0;0;179
7;0;0;0;0;199
8;0;0;0;0;219
9;0;0;0;0;239
10;0;0;0;0;259
11;0;0;0;0;279
12;0;0;0;0;295
13;0;0;0;0;310
14;0;0;0;0;327
15;0;0;0;0;345
0;0;0;0;0;363
1;0;0;0;0;382
2;0;0;0;0;399
3;0;0;0;0;414
4;0;0;0;0;428
5;0;0;0;0;441
6;0;0;0;0;452
7;0;0;0;0;463
8;0;0;0;0;474
9;0;0;0;0;483
10;0;0;0;0;493
11;0;0;0;0;503
12;0;0;0;0;513
13;0;0;0;0;520
14;0;0;0;0;528
15;0;0;0;0;536
0;0;0;0;0;542
1;0;0;0;0;547
2;0;0;0;0;551
3;0;0;0;0;554
4;0;0;0;0;557
5;0;0;0;0;561
6;0;0;0;0;563
7;0;0;0;0;564
8;0;0;0;0;565
9;0;0;0;0;565
10;0;0;0;0;565
11;0;0;0;0;565
12;0;0;0;0;566
13;0;0;0;0;568
14;0;0;0;0;569
15;0;0;0;0;570
0;0;0;0;0;569
1;0;0;0;0;569
2;0;0;0;0;570
3;0;0;0;0;570
4;0;0;0;0;571
5;0;0;0;0;571
6;0;0;0;0;572
7;0;0;0;0;572
8;0;0;0;0;572
9;0;0;0;0;572
10;0;0;0;0;573
11;0;0;0;0;574
12;0;0;0;0;575
13;0;0;0;0;575
14;0;0;0;0;575
15;0;0;0;0;574
0;0;0;0;0;575
1;0;0;0;0;575
2;0;0;0;0;574
3;0;0;0;0;574
4;0;0;0;0;574
5;0;0;0;0;572
6;0;0;0;0;572
7;0;0;0;0;571
8;0;0;0;0;570
9;0;0;0;0;569
10;0;0;0;0;569
11;0;0;0;0;569
12;0;0;0;0;568
13;0;0;0;0;568
14;0;0;0;0;568
15;0;0;0;0;568
0;0;0;0;0;568
1;0;0;0;0;568
2;0;0;0;0;569
3;0;0;0;0;568
4;0;0;0;0;567
5;0;0;0;0;566
6;0;0;0;0;566
7;0;0;0;0;566
8;0;0;0;0;566
9;0;0;0;0;566
10;0;0;0;0;567
11;0;0;0;0;566
12;0;0;0;0;565
13;0;0;0;0;564
14;0;0;0;0;564
15;0;0;0;0;564
0;0;0;0;0;564
1;0;0;0;0;564
2;0;0;0;0;564
3;0;0;0;0;564
4;0;0;0;0;565
5;0;0;0;0;565
6;0;0;0;0;564
7;0;0;0;0;563
8;0;0;0;0;563
9;0;0;0;0;563
10;0;0;0;0;563
11;0;0;0;0;563
12;0;0;0;0;562
13;0;0;0;0;562
14;0;0;0;0;561
15;0;0;0;0;560
0;0;0;0;0;560
1;0;0;0;0;561
2;0;0;0;0;562
3;0;0;0;0;560
4;0;0;0;0;559
5;0;0;0;0;558
6;0;0;0;0;556
7;0;0;0;0;554
8;0;0;0;0;555
9;0;0;0;0;555
10;0;0;0;0;554
11;0;0;0;0;555
12;0;0;0;0;554
13;0;0;0;0;554
14;0;0;0;0;553
15;0;0;0;0;553
0;0;0;0;0;553
1;0;0;0;0;553
2;0;0;0;0;552
3;0;0;0;0;551
4;0;0;0;0;551
5;0;0;0;0;552
6;0;0;0;0;554
7;0;0;0;0;554
8;0;0;0;0;555
9;0;0;0;0;556
10;0;0;0;0;557
11;0;0;0;0;558
12;0;0;0;0;556
13;0;0;0;0;555
14;0;0;0;0;554
15;0;0;0;0;554
0;0;0;0;0;555
1;0;0;0;0;555
2;0;0;0;0;556
3;0;0;0;0;558
4;0;0;0;0;558
5;0;0;0;0;559
6;0;0;0;0;559
7;0;0;0;0;560
8;0;0;0;0;560
9;0;0;0;0;560
10;0;0;0;0;560
11;0;0;0;0;561
12;0;0;0;0;561
13;0;0;0;0;563
14;0;0;0;0;563
15;0;0;0;0;565
0;0;0;0;0;566
1;0;0;0;0;568
2;0;0;0;0;567
3;0;0;0;0;566
4;0;0;0;0;566
5;0;0;0;0;568
6;0;0;0;0;567
7;0;0;0;0;567
8;0;0;0;0;566
9;0;0;0;0;566
10;0;0;0;0;567
11;0;0;0;0;567
12;0;0;0;0;568
13;0;0;0;0;568
14;0;0;0;0;569
15;0;0;0;0;568
0;0;0;0;0;568
1;0;0;0;0;569
2;0;0;0;0;569
3;0;0;0;0;568
4;0;0;0;0;567
5;0;0;0;0;566
6;0;0;0;0;566
7;0;0;0;0;564
8;0;0;0;0;563
9;0;0;0;0;561
10;0;0;0;0;561
11;0;0;0;0;561
12;0;0;0;0;561
13;0;0;0;0;561
14;0;0;0;0;561
15;0;0;0;0;561
0;0;0;0;0;562
1;0;0;0;0;563
2;0;0;0;0;562
3;0;0;0;0;562
4;0;0;0;0;562
5;0;0;0;0;561
6;0;0;0;0;560
7;0;0;0;0;559
8;0;0;0;0;559
9;0;0;0;0;558
10;0;0;0;0;558
11;0;0;0;0;557
12;0;0;0;0;557
13;0;0;0;0;555
14;0;0;0;0;554
15;0;0;0;0;554
0;0;0;0;0;553
1;0;0;0;0;552
2;0;0;0;0;551
3;0;0;0;0;550
4;0;0;0;0;548
5;0;0;0;0;547
6;0;0;0;0;547
7;0;0;0;0;546
8;0;0;0;0;544
9;0;0;0;0;543
10;0;0;0;0;542
11;0;0;0;0;541
12;0;0;0;0;539
13;0;0;0;0;537
14;0;0;0;0;535
15;0;0;0;0;531
0;0;0;0;0;529
1;0;0;0;0;526
2;0;0;0;0;523
3;0;0;0;0;521
4;0;0;0;0;519
5;0;0;0;0;517
6;0;0;0;0;516
7;0;0;0;0;515
8;0;0;0;0;514
9;0;0;0;0;512
10;0;0;0;0;510
11;0;0;0;0;508
12;0;0;0;0;505
13;0;0;0;0;502
14;0;0;0;0;500
15;0;0;0;0;500
0;0;0;0;0;498
1;0;0;0;0;497
2;0;0;0;0;496
3;0;0;0;0;495
4;0;0;0;0;493
5;0;0;0;0;491
6;0;0;0;0;490
7;0;0;0;0;489
8;0;0;0;0;488
9;0;0;0;0;489
10;0;0;0;0;488
11;0;0;0;0;488
12;0;0;0;0;487
13;0;0;0;0;487
14;0;0;0;0;486
15;0;0;0;0;484
0;0;0;0;0;481
1;0;0;0;0;479
2;0;0;0;0;476
3;0;0;0;0;476
4;0;0;0;0;475
5;0;0;0;0;472
6;0;0;0;0;471
7;0;0;0;0;470
8;0;0;0;0;469
9;0;0;0;0;468
10;0;0;0;0;468
11;0;0;0;0;468
12;0;0;0;0;468
13;0;0;0;0;468
14;0;0;0;0;469
15;0;0;0;0;470
0;0;0;0;0;470
1;0;0;0;0;470
2;0;0;0;0;471
3;0;0;0;0;472
4;0;0;0;0;472
5;0;0;0;0;472
6;0;0;0;0;470
7;0;0;0;0;471
8;0;0;0;0;471
9;0;0;0;0;470
10;0;0;0;0;470
11;0;0;0;0;469
12;0;0;0;0;469
13;0;0;0;0;470
14;0;0;0;0;470
15;0;0;0;0;470
0;0;0;0;0;470
1;0;0;0;0;468
2;0;0;0;0;467
3;0;0;0;0;465
4;0;0;0;0;465
5;0;0;0;0;465
6;0;0;0;0;465
7;0;0;0;0;464
8;0;0;0;0;463
9;0;0;0;0;464
10;0;0;0;0;466
11;0;0;0;0;467
12;0;0;0;0;468
13;0;0;0;0;469
14;0;0;0;0;470
15;0;0;0;0;470
0;0;0;0;0;470
1;0;0;0;0;471
2;0;0;0;0;471
3;0;0;0;0;470
4;0;0;0;0;470
5;0;0;0;0;470
6;0;0;0;0;471
7;0;0;0;0;471
8;0;0;0;0;471
9;0;0;0;0;471
10;0;0;0;0;470
11;0;0;0;0;472
12;0;0;0;0;474
13;0;0;0;0;476
14;0;0;0;0;476
15;0;0;0;0;476
0;0;0;0;0;476
1;0;0;0;0;475
2;0;0;0;0;476
3;0;0;0;0;475
4;0;0;0;0;475
5;0;0;0;0;476
6;0;0;0;0;477
7;0;0;0;0;478
8;0;0;0;0;479
9;0;0;0;0;479
10;0;0;0;0;479
11;0;0;0;0;479
12;0;0;0;0;479
13;0;0;0;0;479
14;0;0;0;0;480
15;0;0;0;0;481
0;0;0;0;0;480
1;0;0;0;0;481
2;0;0;0;0;481
3;0;0;0;0;482
4;0;0;0;0;481
5;0;0;0;0;480
6;0;0;0;0;481
7;0;0;0;0;481
8;0;0;0;0;483
9;0;0;0;0;483
10;0;0;0;0;482
11;0;0;0;0;483
12;0;0;0;0;482
13;0;0;0;0;481
14;0;0;0;0;481
15;0;0;0;0;481
0;0;0;0;0;482
1;0;0;0;0;483
2;0;0;0;0;483
3;0;0;0;0;484
4;0;0;0;0;484
5;0;0;0;0;483
6;0;0;0;0;482
7;0;0;0;0;482
8;0;0;0;0;483
9;0;0;0;0;484
10;0;0;0;0;485
11;0;0;0;0;486
12;0;0;0;0;488
13;0;0;0;0;489
14;0;0;0;0;489
15;0;0;0;0;490
0;0;0;0;0;491
1;0;0;0;0;491
2;0;0;0;0;491
3;0;0;0;0;491
4;0;0;0;0;490
5;0;0;0;0;490
6;0;0;0;0;489
7;0;0;0;0;489
8;0;0;0;0;490
9;0;0;0;0;491
10;0;0;0;0;491
11;0;0;0;0;491
12;0;0;0;0;493
13;0;0;0;0;493
14;0;0;0;0;494
15;0;0;0;0;495
0;0;0;0;0;495
1;0;0;0;0;496
2;0;0;0;0;496
3;0;0;0;0;495
4;0;0;0;0;493
5;0;0;0;0;492
6;0;0;0;0;492
7;0;0;0;0;492
8;0;0;0;0;492
9;0;0;0;0;492
10;0;0;0;0;492
11;0;0;0;0;494
12;0;0;0;0;495
13;0;0;0;0;495
14;0;0;0;0;494
15;0;0;0;0;493
0;0;0;0;0;492
1;0;0;0;0;493
2;0;0;0;0;492
3;0;0;0;0;493
4;0;0;0;0;493
5;0;0;0;0;492
6;0;0;0;0;492
7;0;0;0;0;493
8;0;0;0;0;492
9;0;0;0;0;492
10;0;0;0;0;492
11;0;0;0;0;492
12;0;0;0;0;494
13;0;0;0;0;494
14;0;0;0;0;493
15;0;0;0;0;493
0;0;0;0;0;494
1;0;0;0;0;495
2;0;0;0;0;495
3;0;0;0;0;495
4;0;0;0;0;495
5;0;0;0;0;495
6;0;0;0;0;494
7;0;0;0;0;494
8;0;0;0;0;494
9;0;0;0;0;495
10;0;0;0;0;495
11;0;0;0;0;496
12;0;0;0;0;496
13;0;0;0;0;496
14;0;0;0;0;497
15;0;0;0;0;497
0;0;0;0;0;498
1;0;0;0;0;498
2;0;0;0;0;498
3;0;0;0;0;498
4;0;0;0;0;497
5;0;0;0;0;497
6;0;0;0;0;497
7;0;0;0;0;496
8;0;0;0;0;495
9;0;0;0;0;494
10;0;0;0;0;494
11;0;0;0;0;494
12;0;0;0;0;494
13;0;0;0;0;495
14;0;0;0;0;496
15;0;0;0;0;496
0;0;0;0;0;496
1;0;0;0;0;497
2;0;0;0;0;497
3;0;0;0;0;497
4;0;0;0;0;498
5;0;0;0;0;498
6;0;0;0;0;498
7;0;0;0;0;497
8;0;0;0;0;497
9;0;0;0;0;497
10;0;0;0;0;497
11;0;0;0;0;498
12;0;0;0;0;498
13;0;0;0;0;498
14;0;0;0;0;499
15;0;0;0;0;500
0;0;0;0;0;500
1;0;0;0;0;499
2;0;0;0;0;499
3;0;0;0;0;498
4;0;0;0;0;497
5;0;0;0;0;498
6;0;0;0;0;498
7;0;0;0;0;498
8;0;0;0;0;498
9;0;0;0;0;499
10;0;0;0;0;498
11;0;0;0;0;497
12;0;0;0;0;497
13;0;0;0;0;496
14;0;0;0;0;496
15;0;0;0;0;496
0;0;0;0;0;495
1;0;0;0;0;495
2;0;0;0;0;497
3;0;0;0;0;498
4;0;0;0;0;499
5;0;0;0;0;499
6;0;0;0;0;500
7;0;0;0;0;501
8;0;0;0;0;503
9;0;0;0;0;504
10;0;0;0;0;504
11;0;0;0;0;504
12;0;0;0;0;505
13;0;0;0;0;505
14;0;0;0;0;505
15;0;0;0;0;507
0;0;0;0;0;509
1;0;0;0;0;511
2;0;0;0;0;512
3;0;0;0;0;513
4;0;0;0;0;513
5;0;0;0;0;514
6;0;0;0;0;515
7;0;0;0;0;515
8;0;0;0;0;515
9;0;0;0;0;517
10;0;0;0;0;519
11;0;0;0;0;522
12;0;0;0;0;524
13;0;0;0;0;526
14;0;0;0;0;525
15;0;0;0;0;526
0;0;0;0;0;525
1;0;0;0;0;524
2;0;0;0;0;523
3;0;0;0;0;522
4;0;0;0;0;522
5;0;0;0;0;522
6;0;0;0;0;522
7;0;0;0;0;523
8;0;0;0;0;521
9;0;0;0;0;519
10;0;0;0;0;519
11;0;0;0;0;518
12;0;0;0;0;518
13;0;0;0;0;518
14;0;0;0;0;518
15;0;0;0;0;520
0;0;0;0;0;521
1;0;0;0;0;520
2;0;0;0;0;519
3;0;0;0;0;517
4;0;0;0;0;514
5;0;0;0;0;511
6;0;0;0;0;509
7;0;0;0;0;506
8;0;0;0;0;504
9;0;0;0;0;501
10;0;0;0;0;497
11;0;0;0;0;494
12;0;0;0;0;492
13;0;0;0;0;489
14;0;0;0;0;488
15;0;0;0;0;486
0;0;0;0;0;486
1;0;0;0;0;486
2;0;0;0;0;485
3;0;0;0;0;486
4;0;0;0;0;485
5;0;0;0;0;486
6;0;0;0;0;486
7;0;0;0;0;486
8;0;0;0;0;487
9;0;0;0;0;487
10;0;0;0;0;487
11;0;0;0;0;488
12;0;0;0;0;489
13;0;0;0;0;489
14;0;0;0;0;488
15;0;0;0;0;489
0;0;0;0;0;488
1;0;0;0;0;487
2;0;0;0;0;486
3;0;0;0;0;483
4;0;0;0;0;484
5;0;0;0;0;484
6;0;0;0;0;485
7;0;0;0;0;486
8;0;0;0;0;486
9;0;0;0;0;487
10;0;0;0;0;488
11;0;0;0;0;488
12;0;0;0;0;487
13;0;0;0;0;487
14;0;0;0;0;486
15;0;0;0;0;486
0;0;0;0;0;486
1;0;0;0;0;486
2;0;0;0;0;486
3;0;0;0;0;486
4;0;0;0;0;486
5;0;0;0;0;485
6;0;0;0;0;486
7;0;0;0;0;486
8;0;0;0;0;487
9;0;0;0;0;487
10;0;0;0;0;488
11;0;0;0;0;489
12;0;0;0;0;489
13;0;0;0;0;490
14;0;0;0;0;491
15;0;0;0;0;491
0;0;0;0;0;490
1;0;0;0;0;490
2;0;0;0;0;491
3;0;0;0;0;489
4;0;0;0;0;490
5;0;0;0;0;490
6;0;0;0;0;490
7;0;0;0;0;490
8;0;0;0;0;491
9;0;0;0;0;491
10;0;0;0;0;492
11;0;0;0;0;494
12;0;0;0;0;495
13;0;0;0;0;494
14;0;0;0;0;493
15;0;0;0;0;492
0;0;0;0;0;492
1;0;0;0;0;492
2;0;0;0;0;493
3;0;0;0;0;492
4;0;0;0;0;491
5;0;0;0;0;490
6;0;0;0;0;492
7;0;0;0;0;493
8;0;0;0;0;494
9;0;0;0;0;495
10;0;0;0;0;496
11;0;0;0;0;497
12;0;0;0;0;500
13;0;0;0;0;504
14;0;0;0;0;511
15;0;0;0;0;518
0;0;0;0;0;527
1;0;0;0;0;537
2;0;0;0;0;547
3;0;0;0;0;558
4;0;0;0;0;566
5;0;0;0;0;574
6;0;0;0;0;580
7;0;0;0;0;585
8;0;0;0;0;591
9;0;0;0;0;596
10;0;0;0;0;601
11;0;0;0;0;604
12;0;0;0;0;608
13;0;0;0;0;611
14;0;0;0;0;614
15;0;0;0;0;615
0;0;0;0;0;617
1;0;0;0;0;617
2;0;0;0;0;619
3;0;0;0;0;620
4;0;0;0;0;623
5;0;0;0;0;630
6;0;0;0;0;640
7;0;0;0;0;651
8;0;0;0;0;654
9;0;0;0;0;647
10;0;0;0;0;620
11;0;0;0;0;580
12;0;0;0;0;535
13;0;0;0;0;481
14;0;0;0;0;427
15;0;0;0;0;379
0;0;0;0;0;342
1;0;0;0;0;318
2;0;0;0;0;303
3;0;0;0;0;296
4;0;0;0;0;296
5;0;0;0;0;298
6;0;0;0;0;297
7;0;0;0;0;293
8;0;0;0;0;287
9;0;0;0;0;275
10;0;0;0;0;262
11;0;0;0;0;246
12;0;0;0;0;227
13;0;0;0;0;206
14;0;0;0;0;191
15;0;0;0;0;180
0;0;0;0;0;174
1;0;0;0;0;169
2;0;0;0;0;167
3;0;0;0;0;168
4;0;0;0;0;175
5;0;0;0;0;191
6;0;0;0;0;210
7;0;0;0;0;230
8;0;0;0;0;251
9;0;0;0;0;274
10;0;0;0;0;294
11;0;0;0;0;310
12;0;0;0;0;326
13;0;0;0;0;344
14;0;0;0;0;364
15;0;0;0;0;384
0;0;0;0;0;403
1;0;0;0;0;420
2;0;0;0;0;434
3;0;0;0;0;446
4;0;0;0;0;455
5;0;0;0;0;462
6;0;0;0;0;470
7;0;0;0;0;476
8;0;0;0;0;483
9;0;0;0;0;490
10;0;0;0;0;499
11;0;0;0;0;508
12;0;0;0;0;515
13;0;0;0;0;523
14;0;0;0;0;530
15;0;0;0;0;536
0;0;0;0;0;541
1;0;0;0;0;546
2;0;0;0;0;550
3;0;0;0;0;553
4;0;0;0;0;556
5;0;0;0;0;559
6;0;0;0;0;561
7;0;0;0;0;563
8;0;0;0;0;565
9;0;0;0;0;564
10;0;0;0;0;564
11;0;0;0;0;564
12;0;0;0;0;564
13;0;0;0;0;565
14;0;0;0;0;565
15;0;0;0;0;566
0;0;0;0;0;565
1;0;0;0;0;564
2;0;0;0;0;566
3;0;0;0;0;568
4;0;0;0;0;569
5;0;0;0;0;568
6;0;0;0;0;569
7;0;0;0;0;569
8;0;0;0;0;568
9;0;0;0;0;568
10;0;0;0;0;568
11;0;0;0;0;568
12;0;0;0;0;567
13;0;0;0;0;566
14;0;0;0;0;567
15;0;0;0;0;567
0;0;0;0;0;566
1;0;0;0;0;565
2;0;0;0;0;563
3;0;0;0;0;564
4;0;0;0;0;565
5;0;0;0;0;564
6;0;0;0;0;564
7;0;0;0;0;564
8;0;0;0;0;564
9;0;0;0;0;565
10;0;0;0;0;565
11;0;0;0;0;565
12;0;0;0;0;564
13;0;0;0;0;566
14;0;0;0;0;565
15;0;0;0;0;564
0;0;0;0;0;565
1;0;0;0;0;564
2;0;0;0;0;565
3;0;0;0;0;564
4;0;0;0;0;564
5;0;0;0;0;564
6;0;0;0;0;563
7;0;0;0;0;563
8;0;0;0;0;562
9;0;0;0;0;560
10;0;0;0;0;559
11;0;0;0;0;559
12;0;0;0;0;558
13;0;0;0;0;558
14;0;0;0;0;558
15;0;0;0;0;558
0;0;0;0;0;556
1;0;0;0;0;556
2;0;0;0;0;556
3;0;0;0;0;556
4;0;0;0;0;557
5;0;0;0;0;556
6;0;0;0;0;556
7;0;0;0;0;555
8;0;0;0;0;555
9;0;0;0;0;556
10;0;0;0;0;556
11;0;0;0;0;556
12;0;0;0;0;554
13;0;0;0;0;554
14;0;0;0;0;555
15;0;0;0;0;553
0;0;0;0;0;553
1;0;0;0;0;551
2;0;0;0;0;550
3;0;0;0;0;551
4;0;0;0;0;550
5;0;0;0;0;551
6;0;0;0;0;551
7;0;0;0;0;550
8;0;0;0;0;549
9;0;0;0;0;548
10;0;0;0;0;548
11;0;0;0;0;549
12;0;0;0;0;551
13;0;0;0;0;551
14;0;0;0;0;551
15;0;0;0;0;551
0;0;0;0;0;550
1;0;0;0;0;551
2;0;0;0;0;552
3;0;0;0;0;552
4;0;0;0;0;551
5;0;0;0;0;551
6;0;0;0;0;552
7;0;0;0;0;553
8;0;0;0;0;552
9;0;0;0;0;552
10;0;0;0;0;554
11;0;0;0;0;554
12;0;0;0;0;555
13;0;0;0;0;556
14;0;0;0;0;557
15;0;0;0;0;557
0;0;0;0;0;557
1;0;0;0;0;556
2;0;0;0;0;554
3;0;0;0;0;554
4;0;0;0;0;555
5;0;0;0;0;555
6;0;0;0;0;556
7;0;0;0;0;556
8;0;0;0;0;554
9;0;0;0;0;553
10;0;0;0;0;554
11;0;0;0;0;554
12;0;0;0;0;553
13;0;0;0;0;555
14;0;0;0;0;555
15;0;0;0;0;556
0;0;0;0;0;556
1;0;0;0;0;556
2;0;0;0;0;558
3;0;0;0;0;558
4;0;0;0;0;558
5;0;0;0;0;560
6;0;0;0;0;561
7;0;0;0;0;562
8;0;0;0;0;562
9;0;0;0;0;562
10;0;0;0;0;563
11;0;0;0;0;564
12;0;0;0;0;565
13;0;0;0;0;565
14;0;0;0;0;565
15;0;0;0;0;565
0;0;0;0;0;564
1;0;0;0;0;565
2;0;0;0;0;564
3;0;0;0;0;564
4;0;0;0;0;564
5;0;0;0;0;564
6;0;0;0;0;564
7;0;0;0;0;565
8;0;0;0;0;564
9;0;0;0;0;564
10;0;0;0;0;563
11;0;0;0;0;562
12;0;0;0;0;562
13;0;0;0;0;562
14;0;0;0;0;562
15;0;0;0;0;561
0;0;0;0;0;561
1;0;0;0;0;560
2;0;0;0;0;559
3;0;0;0;0;558
4;0;0;0;0;557
5;0;0;0;0;556
6;0;0;0;0;556
7;0;0;0;0;555
8;0;0;0;0;553
9;0;0;0;0;552
10;0;0;0;0;553
11;0;0;0;0;553
12;0;0;0;0;554
13;0;0;0;0;553
14;0;0;0;0;553
15;0;0;0;0;553
0;0;0;0;0;552
1;0;0;0;0;551
2;0;0;0;0;550
3;0;0;0;0;548
4;0;0;0;0;545
5;0;0;0;0;543
6;0;0;0;0;541
7;0;0;0;0;539
8;0;0;0;0;536
9;0;0;0;0;534
10;0;0;0;0;532
11;0;0;0;0;530
12;0;0;0;0;528
13;0;0;0;0;525
14;0;0;0;0;524
15;0;0;0;0;523
0;0;0;0;0;522
1;0;0;0;0;522
2;0;0;0;0;521
3;0;0;0;0;520
4;0;0;0;0;519
5;0;0;0;0;517
6;0;0;0;0;515
7;0;0;0;0;512
8;0;0;0;0;511
9;0;0;0;0;510
10;0;0;0;0;509
11;0;0;0;0;506
12;0;0;0;0;504
13;0;0;0;0;503
14;0;0;0;0;502
15;0;0;0;0;500
0;0;0;0;0;499
1;0;0;0;0;497
2;0;0;0;0;496
3;0;0;0;0;495
4;0;0;0;0;493
5;0;0;0;0;492
6;0;0;0;0;490
7;0;0;0;0;488
8;0;0;0;0;487
9;0;0;0;0;486
10;0;0;0;0;485
11;0;0;0;0;485
12;0;0;0;0;485
13;0;0;0;0;484
14;0;0;0;0;483
15;0;0;0;0;482
0;0;0;0;0;480
1;0;0;0;0;478
2;0;0;0;0;475
3;0;0;0;0;473
4;0;0;0;0;471
5;0;0;0;0;470
6;0;0;0;0;470
7;0;0;0;0;470
8;0;0;0;0;468
9;0;0;0;0;467
10;0;0;0;0;467
11;0;0;0;0;467
12;0;0;0;0;467
13;0;0;0;0;467
14;0;0;0;0;467
15;0;0;0;0;467
0;0;0;0;0;467
1;0;0;0;0;467
2;0;0;0;0;466
3;0;0;0;0;465
4;0;0;0;0;464
5;0;0;0;0;464
6;0;0;0;0;465
7;0;0;0;0;465
8;0;0;0;0;465
9;0;0;0;0;466
10;0;0;0;0;466
11;0;0;0;0;466
12;0;0;0;0;466
13;0;0;0;0;466
14;0;0;0;0;467
15;0;0;0;0;467
0;0;0;0;0;467
1;0;0;0;0;467
2;0;0;0;0;467
3;0;0;0;0;467
4;0;0;0;0;468
5;0;0;0;0;469
6;0;0;0;0;469
7;0;0;0;0;470
8;0;0;0;0;471
9;0;0;0;0;471
10;0;0;0;0;472
11;0;0;0;0;472
12;0;0;0;0;471
13;0;0;0;0;471
14;0;0;0;0;470
15;0;0;0;0;470
0;0;0;0;0;469
1;0;0;0;0;469
2;0;0;0;0;470
3;0;0;0;0;471
4;0;0;0;0;473
5;0;0;0;0;473
6;0;0;0;0;475
7;0;0;0;0;475
8;0;0;0;0;475
9;0;0;0;0;474
10;0;0;0;0;473
11;0;0;0;0;473
12;0;0;0;0;474
13;0;0;0;0;475
14;0;0;0;0;475
15;0;0;0;0;474
0;0;0;0;0;475
1;0;0;0;0;475
2;0;0;0;0;476
3;0;0;0;0;476
4;0;0;0;0;476
5;0;0;0;0;477
6;0;0;0;0;478
7;0;0;0;0;478
8;0;0;0;0;477
9;0;0;0;0;476
10;0;0;0;0;478
11;0;0;0;0;478
12;0;0;0;0;479
13;0;0;0;0;478
14;0;0;0;0;478
15;0;0;0;0;478
0;0;0;0;0;478
1;0;0;0;0;479
2;0;0;0;0;480
3;0;0;0;0;479
4;0;0;0;0;479
5;0;0;0;0;478
6;0;0;0;0;479
7;0;0;0;0;479
8;0;0;0;0;478
9;0;0;0;0;477
10;0;0;0;0;477
11;0;0;0;0;477
12;0;0;0;0;478
13;0;0;0;0;479
14;0;0;0;0;481
15;0;0;0;0;481
0;0;0;0;0;481
1;0;0;0;0;483
2;0;0;0;0;483
3;0;0;0;0;484
4;0;0;0;0;483
5;0;0;0;0;482
6;0;0;0;0;482
7;0;0;0;0;483
8;0;0;0;0;485
9;0;0;0;0;486
10;0;0;0;0;487
11;0;0;0;0;488
12;0;0;0;0;489
13;0;0;0;0;489
14;0;0;0;0;489
15;0;0;0;0;488
0;0;0;0;0;489
1;0;0;0;0;490
2;0;0;0;0;490
3;0;0;0;0;489
4;0;0;0;0;489
5;0;0;0;0;490
6;0;0;0;0;491
7;0;0;0;0;489
8;0;0;0;0;488
9;0;0;0;0;488
10;0;0;0;0;488
11;0;0;0;0;489
12;0;0;0;0;489
13;0;0;0;0;489
14;0;0;0;0;489
15;0;0;0;0;491
0;0;0;0;0;492
1;0;0;0;0;491
2;0;0;0;0;490
3;0;0;0;0;491
4;0;0;0;0;492
5;0;0;0;0;492
6;0;0;0;0;492
7;0;0;0;0;492
8;0;0;0;0;492
9;0;0;0;0;492
10;0;0;0;0;493
11;0;0;0;0;493
12;0;0;0;0;493
13;0;0;0;0;493
14;0;0;0;0;494
15;0;0;0;0;496
0;0;0;0;0;496
1;0;0;0;0;496
2;0;0;0;0;496
3;0;0;0;0;496
4;0;0;0;0;495
5;0;0;0;0;495
6;0;0;0;0;495
7;0;0;0;0;496
8;0;0;0;0;496
9;0;0;0;0;496
10;0;0;0;0;496
11;0;0;0;0;497
12;0;0;0;0;498
13;0;0;0;0;497
14;0;0;0;0;496
15;0;0;0;0;495
0;0;0;0;0;494
1;0;0;0;0;493
2;0;0;0;0;492
3;0;0;0;0;492
4;0;0;0;0;494
5;0;0;0;0;495
6;0;0;0;0;496
7;0;0;0;0;496
8;0;0;0;0;497
9;0;0;0;0;498
10;0;0;0;0;498
11;0;0;0;0;498
12;0;0;0;0;497
13;0;0;0;0;496
14;0;0;0;0;496
15;0;0;0;0;495
0;0;0;0;0;495
1;0;0;0;0;495
2;0;0;0;0;494
3;0;0;0;0;494
4;0;0;0;0;495
5;0;0;0;0;496
6;0;0;0;0;497
7;0;0;0;0;497
8;0;0;0;0;497
9;0;0;0;0;497
10;0;0;0;0;497
11;0;0;0;0;496
12;0;0;0;0;496
13;0;0;0;0;496
14;0;0;0;0;497
15;0;0;0;0;498
0;0;0;0;0;499
1;0;0;0;0;499
2;0;0;0;0;497
3;0;0;0;0;496
4;0;0;0;0;497
5;0;0;0;0;497
6;0;0;0;0;497
7;0;0;0;0;496
8;0;0;0;0;496
9;0;0;0;0;496
10;0;0;0;0;496
11;0;0;0;0;495
12;0;0;0;0;495
13;0;0;0;0;495
14;0;0;0;0;495
15;0;0;0;0;495
0;0;0;0;0;495
1;0;0;0;0;496
2;0;0;0;0;496
3;0;0;0;0;496
4;0;0;0;0;496
5;0;0;0;0;496
6;0;0;0;0;497
7;0;0;0;0;499
8;0;0;0;0;501
9;0;0;0;0;504
10;0;0;0;0;505
11;0;0;0;0;507
12;0;0;0;0;508
13;0;0;0;0;511
14;0;0;0;0;513
15;0;0;0;0;514
0;0;0;0;0;514
1;0;0;0;0;512
2;0;0;0;0;511
3;0;0;0;0;510
4;0;0;0;0;509
5;0;0;0;0;510
6;0;0;0;0;510
7;0;0;0;0;511
8;0;0;0;0;512
9;0;0;0;0;513
10;0;0;0;0;515
11;0;0;0;0;517
12;0;0;0;0;518
13;0;0;0;0;518
14;0;0;0;0;519
15;0;0;0;0;519
0;0;0;0;0;520
1;0;0;0;0;520
2;0;0;0;0;521
3;0;0;0;0;521
4;0;0;0;0;520
5;0;0;0;0;519
6;0;0;0;0;518
7;0;0;0;0;517
8;0;0;0;0;516
9;0;0;0;0;517
10;0;0;0;0;516
11;0;0;0;0;516
12;0;0;0;0;516
13;0;0;0;0;517
14;0;0;0;0;518
15;0;0;0;0;519
0;0;0;0;0;520
1;0;0;0;0;521
2;0;0;0;0;520
3;0;0;0;0;518
4;0;0;0;0;515
5;0;0;0;0;513
6;0;0;0;0;511
7;0;0;0;0;508
8;0;0;0;0;506
9;0;0;0;0;504
10;0;0;0;0;502
11;0;0;0;0;500
12;0;0;0;0;498
13;0;0;0;0;496
14;0;0;0;0;494
15;0;0;0;0;493
0;0;0;0;0;492
1;0;0;0;0;491
2;0;0;0;0;489
3;0;0;0;0;488
4;0;0;0;0;487
5;0;0;0;0;486
6;0;0;0;0;485
7;0;0;0;0;486
8;0;0;0;0;488
9;0;0;0;0;489
10;0;0;0;0;489
11;0;0;0;0;489
12;0;0;0;0;489
13;0;0;0;0;489
14;0;0;0;0;487
15;0;0;0;0;486
0;0;0;0;0;484
1;0;0;0;0;482
2;0;0;0;0;480
3;0;0;0;0;480
4;0;0;0;0;479
5;0;0;0;0;479
6;0;0;0;0;481
7;0;0;0;0;482
8;0;0;0;0;484
9;0;0;0;0;487
10;0;0;0;0;488
11;0;0;0;0;489
12;0;0;0;0;490
13;0;0;0;0;490
14;0;0;0;0;489
15;0;0;0;0;488
0;0;0;0;0;488
1;0;0;0;0;488
2;0;0;0;0;488
3;0;0;0;0;487
4;0;0;0;0;485
5;0;0;0;0;484
6;0;0;0;0;484
7;0;0;0;0;484
8;0;0;0;0;484
9;0;0;0;0;486
10;0;0;0;0;486
11;0;0;0;0;485
12;0;0;0;0;485
13;0;0;0;0;484
14;0;0;0;0;484
15;0;0;0;0;484
0;0;0;0;0;486
1;0;0;0;0;486
2;0;0;0;0;487
3;0;0;0;0;488
4;0;0;0;0;489
5;0;0;0;0;488
6;0;0;0;0;488
7;0;0;0;0;488
8;0;0;0;0;487
9;0;0;0;0;487
10;0;0;0;0;486
11;0;0;0;0;486
12;0;0;0;0;487
13;0;0;0;0;487
14;0;0;0;0;490
15;0;0;0;0;491
0;0;0;0;0;492
1;0;0;0;0;493
2;0;0;0;0;494
3;0;0;0;0;495
4;0;0;0;0;494
5;0;0;0;0;492
6;0;0;0;0;491
7;0;0;0;0;490
8;0;0;0;0;491
9;0;0;0;0;491
10;0;0;0;0;492
11;0;0;0;0;493
12;0;0;0;0;496
13;0;0;0;0;500
14;0;0;0;0;505
15;0;0;0;0;513
0;0;0;0;0;524
1;0;0;0;0;535
2;0;0;0;0;544
3;0;0;0;0;553
4;0;0;0;0;562
5;0;0;0;0;568
6;0;0;0;0;574
7;0;0;0;0;580
8;0;0;0;0;585
9;0;0;0;0;591
10;0;0;0;0;595
11;0;0;0;0;598
12;0;0;0;0;600
13;0;0;0;0;600
14;0;0;0;0;600
15;0;0;0;0;599
0;0;0;0;0;597
1;0;0;0;0;596
2;0;0;0;0;596
3;0;0;0;0;596
4;0;0;0;0;600
5;0;0;0;0;608
6;0;0;0;0;618
7;0;0;0;0;628
8;0;0;0;0;633
9;0;0;0;0;624
10;0;0;0;0;599
11;0;0;0;0;561
12;0;0;0;0;516
13;0;0;0;0;463
14;0;0;0;0;408
15;0;0;0;0;362
0;0;0;0;0;325
1;0;0;0;0;300
2;0;0;0;0;286
3;0;0;0;0;282
4;0;0;0;0;285
5;0;0;0;0;287
6;0;0;0;0;289
7;0;0;0;0;291
8;0;0;0;0;293
9;0;0;0;0;294
10;0;0;0;0;294
11;0;0;0;0;291
12;0;0;0;0;281
13;0;0;0;0;268
14;0;0;0;0;255
15;0;0;0;0;243
0;0;0;0;0;230
1;0;0;0;0;222
2;0;0;0;0;217
3;0;0;0;0;216
4;0;0;0;0;220
5;0;0;0;0;231
6;0;0;0;0;247
7;0;0;0;0;261
8;0;0;0;0;277
9;0;0;0;0;295
10;0;0;0;0;311
11;0;0;0;0;327
12;0;0;0;0;343
13;0;0;0;0;361
14;0;0;0;0;379
15;0;0;0;0;396
0;0;0;0;0;408
1;0;0;0;0;419
2;0;0;0;0;427
3;0;0;0;0;437
4;0;0;0;0;444
5;0;0;0;0;449
6;0;0;0;0;456
7;0;0;0;0;463
8;0;0;0;0;468
9;0;0;0;0;473
10;0;0;0;0;480
11;0;0;0;0;486
12;0;0;0;0;491
13;0;0;0;0;497
14;0;0;0;0;503
15;0;0;0;0;510
0;0;0;0;0;517
1;0;0;0;0;523
2;0;0;0;0;529
3;0;0;0;0;533
4;0;0;0;0;536
5;0;0;0;0;541
6;0;0;0;0;544
7;0;0;0;0;547
8;0;0;0;0;550
9;0;0;0;0;553
10;0;0;0;0;556
11;0;0;0;0;559
12;0;0;0;0;561
13;0;0;0;0;563
14;0;0;0;0;563
15;0;0;0;0;563
0;0;0;0;0;563
1;0;0;0;0;563
2;0;0;0;0;562
3;0;0;0;0;563
4;0;0;0;0;562
5;0;0;0;0;561
6;0;0;0;0;563
7;0;0;0;0;561
8;0;0;0;0;562
9;0;0;0;0;561
10;0;0;0;0;560
11;0;0;0;0;561
12;0;0;0;0;562
13;0;0;0;0;562
14;0;0;0;0;563
15;0;0;0;0;563
0;0;0;0;0;562
1;0;0;0;0;561
2;0;0;0;0;561
3;0;0;0;0;562
4;0;0;0;0;562
5;0;0;0;0;563
6;0;0;0;0;561
7;0;0;0;0;561
8;0;0;0;0;561
9;0;0;0;0;562
10;0;0;0;0;563
11;0;0;0;0;562
12;0;0;0;0;563
13;0;0;0;0;563
14;0;0;0;0;562
15;0;0;0;0;562
0;0;0;0;0;561
1;0;0;0;0;561
2;0;0;0;0;561
3;0;0;0;0;561
4;0;0;0;0;562
5;0;0;0;0;560
6;0;0;0;0;558
7;0;0;0;0;557
8;0;0;0;0;557
9;0;0;0;0;556
10;0;0;0;0;556
11;0;0;0;0;556
12;0;0;0;0;555
13;0;0;0;0;555
14;0;0;0;0;554
15;0;0;0;0;554
0;0;0;0;0;553
1;0;0;0;0;553
2;0;0;0;0;552
3;0;0;0;0;551
4;0;0;0;0;550
5;0;0;0;0;550
6;0;0;0;0;551
7;0;0;0;0;552
8;0;0;0;0;553
9;0;0;0;0;553
10;0;0;0;0;553
11;0;0;0;0;553
12;0;0;0;0;553
13;0;0;0;0;553
14;0;0;0;0;553
15;0;0;0;0;553
0;0;0;0;0;552
1;0;0;0;0;551
2;0;0;0;0;551
3;0;0;0;0;551
4;0;0;0;0;551
5;0;0;0;0;551
6;0;0;0;0;552
7;0;0;0;0;551
8;0;0;0;0;551
9;0;0;0;0;550
10;0;0;0;0;550
11;0;0;0;0;549
12;0;0;0;0;550
13;0;0;0;0;550
14;0;0;0;0;549
15;0;0;0;0;549
0;0;0;0;0;549
1;0;0;0;0;549
2;0;0;0;0;549
3;0;0;0;0;550
4;0;0;0;0;550
5;0;0;0;0;550
6;0;0;0;0;550
7;0;0;0;0;549
8;0;0;0;0;547
9;0;0;0;0;546
10;0;0;0;0;546
11;0;0;0;0;546
12;0;0;0;0;547
13;0;0;0;0;547
14;0;0;0;0;548
15;0;0;0;0;548
0;0;0;0;0;549
1;0;0;0;0;550
2;0;0;0;0;551
3;0;0;0;0;552
4;0;0;0;0;553
5;0;0;0;0;553
6;0;0;0;0;553
7;0;0;0;0;552
8;0;0;0;0;551
9;0;0;0;0;551
10;0;0;0;0;551
11;0;0;0;0;550
12;0;0;0;0;551
13;0;0;0;0;551
14;0;0;0;0;551
15;0;0;0;0;552
0;0;0;0;0;554
1;0;0;0;0;556
2;0;0;0;0;556
3;0;0;0;0;556
4;0;0;0;0;557
5;0;0;0;0;558
6;0;0;0;0;559
7;0;0;0;0;559
8;0;0;0;0;560
9;0;0;0;0;560
10;0;0;0;0;561
11;0;0;0;0;563
12;0;0;0;0;563
13;0;0;0;0;563
14;0;0;0;0;565
15;0;0;0;0;565
0;0;0;0;0;564
1;0;0;0;0;563
2;0;0;0;0;563
3;0;0;0;0;563
4;0;0;0;0;564
5;0;0;0;0;564
6;0;0;0;0;564
7;0;0;0;0;564
8;0;0;0;0;565
9;0;0;0;0;565
10;0;0;0;0;566
11;0;0;0;0;565
12;0;0;0;0;563
13;0;0;0;0;562
14;0;0;0;0;561
15;0;0;0;0;560
0;0;0;0;0;559
1;0;0;0;0;558
2;0;0;0;0;558
3;0;0;0;0;556
4;0;0;0;0;554
5;0;0;0;0;553
6;0;0;0;0;551
7;0;0;0;0;551
8;0;0;0;0;549
9;0;0;0;0;548
10;0;0;0;0;548
11;0;0;0;0;548
12;0;0;0;0;548
13;0;0;0;0;548
14;0;0;0;0;548
15;0;0;0;0;548
0;0;0;0;0;549
1;0;0;0;0;550
2;0;0;0;0;549
3;0;0;0;0;547
4;0;0;0;0;544
5;0;0;0;0;542
6;0;0;0;0;540
7;0;0;0;0;538
8;0;0;0;0;537
9;0;0;0;0;536
10;0;0;0;0;534
11;0;0;0;0;533
12;0;0;0;0;531
13;0;0;0;0;529
14;0;0;0;0;527
15;0;0;0;0;527
0;0;0;0;0;525
1;0;0;0;0;523
2;0;0;0;0;520
3;0;0;0;0;518
4;0;0;0;0;517
5;0;0;0;0;516
6;0;0;0;0;514
7;0;0;0;0;512
8;0;0;0;0;510
9;0;0;0;0;509
10;0;0;0;0;508
11;0;0;0;0;506
12;0;0;0;0;506
13;0;0;0;0;505
14;0;0;0;0;503
15;0;0;0;0;503
0;0;0;0;0;503
1;0;0;0;0;503
2;0;0;0;0;502
3;0;0;0;0;500
4;0;0;0;0;499
5;0;0;0;0;498
6;0;0;0;0;496
7;0;0;0;0;494
8;0;0;0;0;493
9;0;0;0;0;492
10;0;0;0;0;490
11;0;0;0;0;489
12;0;0;0;0;487
13;0;0;0;0;487
14;0;0;0;0;487
15;0;0;0;0;484
0;0;0;0;0;483
1;0;0;0;0;481
2;0;0;0;0;481
3;0;0;0;0;480
4;0;0;0;0;478
5;0;0;0;0;476
6;0;0;0;0;475
7;0;0;0;0;473
8;0;0;0;0;474
9;0;0;0;0;474
10;0;0;0;0;475
11;0;0;0;0;477
12;0;0;0;0;477
13;0;0;0;0;476
14;0;0;0;0;476
15;0;0;0;0;475
0;0;0;0;0;475
1;0;0;0;0;475
2;0;0;0;0;475
3;0;0;0;0;475
4;0;0;0;0;475
5;0;0;0;0;475
6;0;0;0;0;474
7;0;0;0;0;472
8;0;0;0;0;472
9;0;0;0;0;473
10;0;0;0;0;473
11;0;0;0;0;473
12;0;0;0;0;474
13;0;0;0;0;474
14;0;0;0;0;474
15;0;0;0;0;474
0;0;0;0;0;475
1;0;0;0;0;476
2;0;0;0;0;477
3;0;0;0;0;477
4;0;0;0;0;478
5;0;0;0;0;477
6;0;0;0;0;476
7;0;0;0;0;475
8;0;0;0;0;476
9;0;0;0;0;475
10;0;0;0;0;475
11;0;0;0;0;476
12;0;0;0;0;476
13;0;0;0;0;475
14;0;0;0;0;474
15;0;0;0;0;474
0;0;0;0;0;474
1;0;0;0;0;473
2;0;0;0;0;473
3;0;0;0;0;473
4;0;0;0;0;473
5;0;0;0;0;473
6;0;0;0;0;474
7;0;0;0;0;476
8;0;0;0;0;476
9;0;0;0;0;476
10;0;0;0;0;476
11;0;0;0;0;476
12;0;0;0;0;476
13;0;0;0;0;477
14;0;0;0;0;477
15;0;0;0;0;478
0;0;0;0;0;478
1;0;0;0;0;478
2;0;0;0;0;478
3;0;0;0;0;479
4;0;0;0;0;479
5;0;0;0;0;478
6;0;0;0;0;478
7;0;0;0;0;478
8;0;0;0;0;478
9;0;0;0;0;479
10;0;0;0;0;480
11;0;0;0;0;483
12;0;0;0;0;483
13;0;0;0;0;481
14;0;0;0;0;482
15;0;0;0;0;481
0;0;0;0;0;481
1;0;0;0;0;481
2;0;0;0;0;481
3;0;0;0;0;480
4;0;0;0;0;481
5;0;0;0;0;481
6;0;0;0;0;482
7;0;0;0;0;483
8;0;0;0;0;483
9;0;0;0;0;483
10;0;0;0;0;483
11;0;0;0;0;483
12;0;0;0;0;484
13;0;0;0;0;485
14;0;0;0;0;484
15;0;0;0;0;485
0;0;0;0;0;484
1;0;0;0;0;485
2;0;0;0;0;485
3;0;0;0;0;485
4;0;0;0;0;486
5;0;0;0;0;486
6;0;0;0;0;486
7;0;0;0;0;487
8;0;0;0;0;488
9;0;0;0;0;489
10;0;0;0;0;491
11;0;0;0;0;491
12;0;0;0;0;492
13;0;0;0;0;492
14;0;0;0;0;493
15;0;0;0;0;492
0;0;0;0;0;490
1;0;0;0;0;488
2;0;0;0;0;488
3;0;0;0;0;487
4;0;0;0;0;487
5;0;0;0;0;489
6;0;0;0;0;490
7;0;0;0;0;491
8;0;0;0;0;491
9;0;0;0;0;492
10;0;0;0;0;492
11;0;0;0;0;492
12;0;0;0;0;493
13;0;0;0;0;494
14;0;0;0;0;494
15;0;0;0;0;494
0;0;0;0;0;493
1;0;0;0;0;492
2;0;0;0;0;494
3;0;0;0;0;495
4;0;0;0;0;496
5;0;0;0;0;496
6;0;0;0;0;495
7;0;0;0;0;495
8;0;0;0;0;494
9;0;0;0;0;495
10;0;0;0;0;495
11;0;0;0;0;496
12;0;0;0;0;496
13;0;0;0;0;497
14;0;0;0;0;496
15;0;0;0;0;496
0;0;0;0;0;496
1;0;0;0;0;496
2;0;0;0;0;498
3;0;0;0;0;497
4;0;0;0;0;497
5;0;0;0;0;497
6;0;0;0;0;497
7;0;0;0;0;497
8;0;0;0;0;497
9;0;0;0;0;497
10;0;0;0;0;496
11;0;0;0;0;496
12;0;0;0;0;496
13;0;0;0;0;496
14;0;0;0;0;496
15;0;0;0;0;497
0;0;0;0;0;498
1;0;0;0;0;498
2;0;0;0;0;499
3;0;0;0;0;499
4;0;0;0;0;500
5;0;0;0;0;500
6;0;0;0;0;500
7;0;0;0;0;499
8;0;0;0;0;499
9;0;0;0;0;499
10;0;0;0;0;499
11;0;0;0;0;499
12;0;0;0;0;499
13;0;0;0;0;499
14;0;0;0;0;498
15;0;0;0;0;499
0;0;0;0;0;499
1;0;0;0;0;499
2;0;0;0;0;499
3;0;0;0;0;499
4;0;0;0;0;498
5;0;0;0;0;498
6;0;0;0;0;499
7;0;0;0;0;499
8;0;0;0;0;500
9;0;0;0;0;501
10;0;0;0;0;502
11;0;0;0;0;501
12;0;0;0;0;501
13;0;0;0;0;501
14;0;0;0;0;503
15;0;0;0;0;504
0;0;0;0;0;505
1;0;0;0;0;507
2;0;0;0;0;507
3;0;0;0;0;508
4;0;0;0;0;508
5;0;0;0;0;509
6;0;0;0;0;510
7;0;0;0;0;511
8;0;0;0;0;512
9;0;0;0;0;511
10;0;0;0;0;511
11;0;0;0;0;512
12;0;0;0;0;511
13;0;0;0;0;511
14;0;0;0;0;511
15;0;0;0;0;512
0;0;0;0;0;513
1;0;0;0;0;515
2;0;0;0;0;517
3;0;0;0;0;518
4;0;0;0;0;517
5;0;0;0;0;516
6;0;0;0;0;516
7;0;0;0;0;516
8;0;0;0;0;517
9;0;0;0;0;518
10;0;0;0;0;519
11;0;0;0;0;519
12;0;0;0;0;520
13;0;0;0;0;519
14;0;0;0;0;518
15;0;0;0;0;518
0;0;0;0;0;517
1;0;0;0;0;517
2;0;0;0;0;518
3;0;0;0;0;519
4;0;0;0;0;520
5;0;0;0;0;521
6;0;0;0;0;523
7;0;0;0;0;524
8;0;0;0;0;524
9;0;0;0;0;524
10;0;0;0;0;523
11;0;0;0;0;520
12;0;0;0;0;518
13;0;0;0;0;515
14;0;0;0;0;514
15;0;0;0;0;512
0;0;0;0;0;510
1;0;0;0;0;508
2;0;0;0;0;505
3;0;0;0;0;504
4;0;0;0;0;500
5;0;0;0;0;498
6;0;0;0;0;497
7;0;0;0;0;496
8;0;0;0;0;495
9;0;0;0;0;494
10;0;0;0;0;494
11;0;0;0;0;493
12;0;0;0;0;492
13;0;0;0;0;492
14;0;0;0;0;492
15;0;0;0;0;494
0;0;0;0;0;496
1;0;0;0;0;496
2;0;0;0;0;497
3;0;0;0;0;498
4;0;0;0;0;500
5;0;0;0;0;500
6;0;0;0;0;500
7;0;0;0;0;498
8;0;0;0;0;496
9;0;0;0;0;494
10;0;0;0;0;492
11;0;0;0;0;492
12;0;0;0;0;492
13;0;0;0;0;492
14;0;0;0;0;492
15;0;0;0;0;494
0;0;0;0;0;494
1;0;0;0;0;494
2;0;0;0;0;493
3;0;0;0;0;493
4;0;0;0;0;491
5;0;0;0;0;489
6;0;0;0;0;487
7;0;0;0;0;485
8;0;0;0;0;484
9;0;0;0;0;484
10;0;0;0;0;484
11;0;0;0;0;483
12;0;0;0;0;482
13;0;0;0;0;482
14;0;0;0;0;482
15;0;0;0;0;484
0;0;0;0;0;486
1;0;0;0;0;486
2;0;0;0;0;486
3;0;0;0;0;486
4;0;0;0;0;487
5;0;0;0;0;487
6;0;0;0;0;489
7;0;0;0;0;490
8;0;0;0;0;491
9;0;0;0;0;492
10;0;0;0;0;492
11;0;0;0;0;492
12;0;0;0;0;492
13;0;0;0;0;492
14;0;0;0;0;491
15;0;0;0;0;491
0;0;0;0;0;491
1;0;0;0;0;491
2;0;0;0;0;492
3;0;0;0;0;492
4;0;0;0;0;493
5;0;0;0;0;494
6;0;0;0;0;494
7;0;0;0;0;495
8;0;0;0;0;495
9;0;0;0;0;496
10;0;0;0;0;496
11;0;0;0;0;498
12;0;0;0;0;499
13;0;0;0;0;499
14;0;0;0;0;500
15;0;0;0;0;500
0;0;0;0;0;500
1;0;0;0;0;501
2;0;0;0;0;503
3;0;0;0;0;506
4;0;0;0;0;510
5;0;0;0;0;515
6;0;0;0;0;523
7;0;0;0;0;532
8;0;0;0;0;542
9;0;0;0;0;551
10;0;0;0;0;560
11;0;0;0;0;569
12;0;0;0;0;575
13;0;0;0;0;581
14;0;0;0;0;586
15;0;0;0;0;592
0;0;0;0;0;599
1;0;0;0;0;604
2;0;0;0;0;607
3;0;0;0;0;608
4;0;0;0;0;611
5;0;0;0;0;612
6;0;0;0;0;612
7;0;0;0;0;613
8;0;0;0;0;613
9;0;0;0;0;615
10;0;0;0;0;616
11;0;0;0;0;619
12;0;0;0;0;627
13;0;0;0;0;638
14;0;0;0;0;648
15;0;0;0;0;653
0;0;0;0;0;644
1;0;0;0;0;620
2;0;0;0;0;581
3;0;0;0;0;536
4;0;0;0;0;483
5;0;0;0;0;428
6;0;0;0;0;381
7;0;0;0;0;342
8;0;0;0;0;315
9;0;0;0;0;299
10;0;0;0;0;291
11;0;0;0;0;290
12;0;0;0;0;288
13;0;0;0;0;287
14;0;0;0;0;287
15;0;0;0;0;287
0;0;0;0;0;286
1;0;0;0;0;284
2;0;0;0;0;281
3;0;0;0;0;272
4;0;0;0;0;259
5;0;0;0;0;247
6;0;0;0;0;233
7;0;0;0;0;220
8;0;0;0;0;211
9;0;0;0;0;206
10;0;0;0;0;206
11;0;0;0;0;213
12;0;0;0;0;228
13;0;0;0;0;244
14;0;0;0;0;259
15;0;0;0;0;275
0;0;0;0;0;292
1;0;0;0;0;307
2;0;0;0;0;323
3;0;0;0;0;340
4;0;0;0;0;356
5;0;0;0;0;374
6;0;0;0;0;390
7;0;0;0;0;404
8;0;0;0;0;415
9;0;0;0;0;425
10;0;0;0;0;433
11;0;0;0;0;439
12;0;0;0;0;444
13;0;0;0;0;449
14;0;0;0;0;456
15;0;0;0;0;463
0;0;0;0;0;470
1;0;0;0;0;478
2;0;0;0;0;485
3;0;0;0;0;492
4;0;0;0;0;498
5;0;0;0;0;504
6;0;0;0;0;510
7;0;0;0;0;516
8;0;0;0;0;522
9;0;0;0;0;528
10;0;0;0;0;534
11;0;0;0;0;539
12;0;0;0;0;542
13;0;0;0;0;545
14;0;0;0;0;549
15;0;0;0;0;551
0;0;0;0;0;553
1;0;0;0;0;555
2;0;0;0;0;557
3;0;0;0;0;559
4;0;0;0;0;560
5;0;0;0;0;561
6;0;0;0;0;563
7;0;0;0;0;565
8;0;0;0;0;567
9;0;0;0;0;568
10;0;0;0;0;567
11;0;0;0;0;566
12;0;0;0;0;567
13;0;0;0;0;568
14;0;0;0;0;568
15;0;0;0;0;568
0;0;0;0;0;568
1;0;0;0;0;567
2;0;0;0;0;566
3;0;0;0;0;566
4;0;0;0;0;566
5;0;0;0;0;566
6;0;0;0;0;566
7;0;0;0;0;564
8;0;0;0;0;563
9;0;0;0;0;564
10;0;0;0;0;563
11;0;0;0;0;563
12;0;0;0;0;563
13;0;0;0;0;564
14;0;0;0;0;564
15;0;0;0;0;562
0;0;0;0;0;560
1;0;0;0;0;560
2;0;0;0;0;560
3;0;0;0;0;560
4;0;0;0;0;560
5;0;0;0;0;561
6;0;0;0;0;562
7;0;0;0;0;561
8;0;0;0;0;559
9;0;0;0;0;557
10;0;0;0;0;557
11;0;0;0;0;557
12;0;0;0;0;557
13;0;0;0;0;557
14;0;0;0;0;557
15;0;0;0;0;557
0;0;0;0;0;557
1;0;0;0;0;558
2;0;0;0;0;558
3;0;0;0;0;557
4;0;0;0;0;557
5;0;0;0;0;557
6;0;0;0;0;558
7;0;0;0;0;557
8;0;0;0;0;556
9;0;0;0;0;555
10;0;0;0;0;554
11;0;0;0;0;553
12;0;0;0;0;551
13;0;0;0;0;551
14;0;0;0;0;552
15;0;0;0;0;553
0;0;0;0;0;553
1;0;0;0;0;553
2;0;0;0;0;553
3;0;0;0;0;553
4;0;0;0;0;552
5;0;0;0;0;552
6;0;0;0;0;552
7;0;0;0;0;553
8;0;0;0;0;554
9;0;0;0;0;553
10;0;0;0;0;551
11;0;0;0;0;551
12;0;0;0;0;552
13;0;0;0;0;552
14;0;0;0;0;551
15;0;0;0;0;551
0;0;0;0;0;548
1;0;0;0;0;547
2;0;0;0;0;548
3;0;0;0;0;549
4;0;0;0;0;550
5;0;0;0;0;550
6;0;0;0;0;551
7;0;0;0;0;551
8;0;0;0;0;551
9;0;0;0;0;552
10;0;0;0;0;552
11;0;0;0;0;552
12;0;0;0;0;552
13;0;0;0;0;552
14;0;0;0;0;551
15;0;0;0;0;550
0;0;0;0;0;549
1;0;0;0;0;549
2;0;0;0;0;549
3;0;0;0;0;549
4;0;0;0;0;549
5;0;0;0;0;548
6;0;0;0;0;547
7;0;0;0;0;547
8;0;0;0;0;549
9;0;0;0;0;550
10;0;0;0;0;551
11;0;0;0;0;553
12;0;0;0;0;552
13;0;0;0;0;552
14;0;0;0;0;552
15;0;0;0;0;552
0;0;0;0;0;553
1;0;0;0;0;554
2;0;0;0;0;555
3;0;0;0;0;555
4;0;0;0;0;556
5;0;0;0;0;558
6;0;0;0;0;559
7;0;0;0;0;559
8;0;0;0;0;559
9;0;0;0;0;559
10;0;0;0;0;559
11;0;0;0;0;559
12;0;0;0;0;560
13;0;0;0;0;561
14;0;0;0;0;562
15;0;0;0;0;561
0;0;0;0;0;561
1;0;0;0;0;563
2;0;0;0;0;563
3;0;0;0;0;563
4;0;0;0;0;563
5;0;0;0;0;562
6;0;0;0;0;561
7;0;0;0;0;561
8;0;0;0;0;561
9;0;0;0;0;562
10;0;0;0;0;562
11;0;0;0;0;562
12;0;0;0;0;563
13;0;0;0;0;562
14;0;0;0;0;560
15;0;0;0;0;560
0;0;0;0;0;561
1;0;0;0;0;560
2;0;0;0;0;560
3;0;0;0;0;560
4;0;0;0;0;560
5;0;0;0;0;559
6;0;0;0;0;559
7;0;0;0;0;558
8;0;0;0;0;558
9;0;0;0;0;557
10;0;0;0;0;557
11;0;0;0;0;557
12;0;0;0;0;558
13;0;0;0;0;558
14;0;0;0;0;559
15;0;0;0;0;559
0;0;0;0;0;559
1;0;0;0;0;560
2;0;0;0;0;560
3;0;0;0;0;556
4;0;0;0;0;553
5;0;0;0;0;551
6;0;0;0;0;548
7;0;0;0;0;547
8;0;0;0;0;545
9;0;0;0;0;543
10;0;0;0;0;542
11;0;0;0;0;540
12;0;0;0;0;540
13;0;0;0;0;540
14;0;0;0;0;538
15;0;0;0;0;536
0;0;0;0;0;535
1;0;0;0;0;533
2;0;0;0;0;531
3;0;0;0;0;529
4;0;0;0;0;527
5;0;0;0;0;526
6;0;0;0;0;524
7;0;0;0;0;523
8;0;0;0;0;522
9;0;0;0;0;521
10;0;0;0;0;520
11;0;0;0;0;519
12;0;0;0;0;517
13;0;0;0;0;517
14;0;0;0;0;515
15;0;0;0;0;514
0;0;0;0;0;513
1;0;0;0;0;512
2;0;0;0;0;512
3;0;0;0;0;511
4;0;0;0;0;509
5;0;0;0;0;508
6;0;0;0;0;507
7;0;0;0;0;505
8;0;0;0;0;504
9;0;0;0;0;501
10;0;0;0;0;500
11;0;0;0;0;499
12;0;0;0;0;498
13;0;0;0;0;496
14;0;0;0;0;494
15;0;0;0;0;493
0;0;0;0;0;493
1;0;0;0;0;491
2;0;0;0;0;490
3;0;0;0;0;488
4;0;0;0;0;486
5;0;0;0;0;484
6;0;0;0;0;483
7;0;0;0;0;483
8;0;0;0;0;484
9;0;0;0;0;485
10;0;0;0;0;485
11;0;0;0;0;485
12;0;0;0;0;485
13;0;0;0;0;485
14;0;0;0;0;486
15;0;0;0;0;485
0;0;0;0;0;484
1;0;0;0;0;482
2;0;0;0;0;480
3;0;0;0;0;478
4;0;0;0;0;477
5;0;0;0;0;476
6;0;0;0;0;476
7;0;0;0;0;476
8;0;0;0;0;477
9;0;0;0;0;478
10;0;0;0;0;479
11;0;0;0;0;478
12;0;0;0;0;478
13;0;0;0;0;478
14;0;0;0;0;478
15;0;0;0;0;478
0;0;0;0;0;478
1;0;0;0;0;479
2;0;0;0;0;480
3;0;0;0;0;480
4;0;0;0;0;480
5;0;0;0;0;479
6;0;0;0;0;480
7;0;0;0;0;481
8;0;0;0;0;482
9;0;0;0;0;481
10;0;0;0;0;481
11;0;0;0;0;480
12;0;0;0;0;480
13;0;0;0;0;479
14;0;0;0;0;479
15;0;0;0;0;479
0;0;0;0;0;479
1;0;0;0;0;480
2;0;0;0;0;480
3;0;0;0;0;481
4;0;0;0;0;481
5;0;0;0;0;481
6;0;0;0;0;482
7;0;0;0;0;482
8;0;0;0;0;482
9;0;0;0;0;482
10;0;0;0;0;481
11;0;0;0;0;481
12;0;0;0;0;481
13;0;0;0;0;482
14;0;0;0;0;483
15;0;0;0;0;483
0;0;0;0;0;483
1;0;0;0;0;484
2;0;0;0;0;484
3;0;0;0;0;484
4;0;0;0;0;484
5;0;0;0;0;484
6;0;0;0;0;485
7;0;0;0;0;487
8;0;0;0;0;487
9;0;0;0;0;487
10;0;0;0;0;486
11;0;0;0;0;486
12;0;0;0;0;485
13;0;0;0;0;483
14;0;0;0;0;483
15;0;0;0;0;483
0;0;0;0;0;483
1;0;0;0;0;483
2;0;0;0;0;483
3;0;0;0;0;484
4;0;0;0;0;484
5;0;0;0;0;485
6;0;0;0;0;486
7;0;0;0;0;487
8;0;0;0;0;488
9;0;0;0;0;489
10;0;0;0;0;489
11;0;0;0;0;489
12;0;0;0;0;488
13;0;0;0;0;487
14;0;0;0;0;487
15;0;0;0;0;486
0;0;0;0;0;487
1;0;0;0;0;487
2;0;0;0;0;487
3;0;0;0;0;489
4;0;0;0;0;490
5;0;0;0;0;491
6;0;0;0;0;492
7;0;0;0;0;492
8;0;0;0;0;492
9;0;0;0;0;493
10;0;0;0;0;493
11;0;0;0;0;494
12;0;0;0;0;494
13;0;0;0;0;494
14;0;0;0;0;494
15;0;0;0;0;494
0;0;0;0;0;494
1;0;0;0;0;494
2;0;0;0;0;494
3;0;0;0;0;493
4;0;0;0;0;494
5;0;0;0;0;495
6;0;0;0;0;495
7;0;0;0;0;495
8;0;0;0;0;496
9;0;0;0;0;496
10;0;0;0;0;496
11;0;0;0;0;496
12;0;0;0;0;497
13;0;0;0;0;498
14;0;0;0;0;498
15;0;0;0;0;499
0;0;0;0;0;499
1;0;0;0;0;499
2;0;0;0;0;500
3;0;0;0;0;501
4;0;0;0;0;501
5;0;0;0;0;501
6;0;0;0;0;502
7;0;0;0;0;501
8;0;0;0;0;500
9;0;0;0;0;500
10;0;0;0;0;499
11;0;0;0;0;498
12;0;0;0;0;496
13;0;0;0;0;496
14;0;0;0;0;497
15;0;0;0;0;499
0;0;0;0;0;499
1;0;0;0;0;498
2;0;0;0;0;499
3;0;0;0;0;500
4;0;0;0;0;499
5;0;0;0;0;499
6;0;0;0;0;499
7;0;0;0;0;499
8;0;0;0;0;498
9;0;0;0;0;496
10;0;0;0;0;496
11;0;0;0;0;494
12;0;0;0;0;494
13;0;0;0;0;495
14;0;0;0;0;496
15;0;0;0;0;497
0;0;0;0;0;498
1;0;0;0;0;498
2;0;0;0;0;498
3;0;0;0;0;498
4;0;0;0;0;499
5;0;0;0;0;498
6;0;0;0;0;498
7;0;0;0;0;498
8;0;0;0;0;499
9;0;0;0;0;499
10;0;0;0;0;498
11;0;0;0;0;497
12;0;0;0;0;497
13;0;0;0;0;498
14;0;0;0;0;499
15;0;0;0;0;501
0;0;0;0;0;502
1;0;0;0;0;503
2;0;0;0;0;503
3;0;0;0;0;502
4;0;0;0;0;501
5;0;0;0;0;500
6;0;0;0;0;499
7;0;0;0;0;500
8;0;0;0;0;501
9;0;0;0;0;501
10;0;0;0;0;502
11;0;0;0;0;503
12;0;0;0;0;504
13;0;0;0;0;504
14;0;0;0;0;505
15;0;0;0;0;506
0;0;0;0;0;507
1;0;0;0;0;507
2;0;0;0;0;509
3;0;0;0;0;510
4;0;0;0;0;510
5;0;0;0;0;510
6;0;0;0;0;511
7;0;0;0;0;512
8;0;0;0;0;512
9;0;0;0;0;513
10;0;0;0;0;514
11;0;0;0;0;514
12;0;0;0;0;516
13;0;0;0;0;516
14;0;0;0;0;516
15;0;0;0;0;517
0;0;0;0;0;519
1;0;0;0;0;520
2;0;0;0;0;521
3;0;0;0;0;523
4;0;0;0;0;524
5;0;0;0;0;524
6;0;0;0;0;526
7;0;0;0;0;526
8;0;0;0;0;526
9;0;0;0;0;525
10;0;0;0;0;525
11;0;0;0;0;524
12;0;0;0;0;523
13;0;0;0;0;523
14;0;0;0;0;523
15;0;0;0;0;522
0;0;0;0;0;523
1;0;0;0;0;523
2;0;0;0;0;524
3;0;0;0;0;524
4;0;0;0;0;524
5;0;0;0;0;524
6;0;0;0;0;524
7;0;0;0;0;525
8;0;0;0;0;525
9;0;0;0;0;525
10;0;0;0;0;525
11;0;0;0;0;523
12;0;0;0;0;520
13;0;0;0;0;518
14;0;0;0;0;516
15;0;0;0;0;513
0;0;0;0;0;511
1;0;0;0;0;508
2;0;0;0;0;504
3;0;0;0;0;501
4;0;0;0;0;498
5;0;0;0;0;496
6;0;0;0;0;494
7;0;0;0;0;492
8;0;0;0;0;489
9;0;0;0;0;489
10;0;0;0;0;490
11;0;0;0;0;491
12;0;0;0;0;491
13;0;0;0;0;491
14;0;0;0;0;491
15;0;0;0;0;491
0;0;0;0;0;492
1;0;0;0;0;494
2;0;0;0;0;495
3;0;0;0;0;496
4;0;0;0;0;495
5;0;0;0;0;495
6;0;0;0;0;494
7;0;0;0;0;493
8;0;0;0;0;492
9;0;0;0;0;490
10;0;0;0;0;490
11;0;0;0;0;489
12;0;0;0;0;488
13;0;0;0;0;486
14;0;0;0;0;485
15;0;0;0;0;484
0;0;0;0;0;487
1;0;0;0;0;487
2;0;0;0;0;488
3;0;0;0;0;488
4;0;0;0;0;487
5;0;0;0;0;487
6;0;0;0;0;487
7;0;0;0;0;487
8;0;0;0;0;487
9;0;0;0;0;486
10;0;0;0;0;487
11;0;0;0;0;487
12;0;0;0;0;487
13;0;0;0;0;487
14;0;0;0;0;487
15;0;0;0;0;487
0;0;0;0;0;486
1;0;0;0;0;486
2;0;0;0;0;486
3;0;0;0;0;487
4;0;0;0;0;487
5;0;0;0;0;486
6;0;0;0;0;484
7;0;0;0;0;483
8;0;0;0;0;483
9;0;0;0;0;484
10;0;0;0;0;485
11;0;0;0;0;485
12;0;0;0;0;485
13;0;0;0;0;485
14;0;0;0;0;486
15;0;0;0;0;487
0;0;0;0;0;487
1;0;0;0;0;487
2;0;0;0;0;488
3;0;0;0;0;489
4;0;0;0;0;489
5;0;0;0;0;490
6;0;0;0;0;491
7;0;0;0;0;492
8;0;0;0;0;492
9;0;0;0;0;492
10;0;0;0;0;492
11;0;0;0;0;493
12;0;0;0;0;494
13;0;0;0;0;494
14;0;0;0;0;494
15;0;0;0;0;494
0;0;0;0;0;494
1;0;0;0;0;494
2;0;0;0;0;496
3;0;0;0;0;499
4;0;0;0;0;504
5;0;0;0;0;509
6;0;0;0;0;515
7;0;0;0;0;525
8;0;0;0;0;535
9;0;0;0;0;545
10;0;0;0;0;556
11;0;0;0;0;566
12;0;0;0;0;574
13;0;0;0;0;579
14;0;0;0;0;584
15;0;0;0;0;591
0;0;0;0;0;599
1;0;0;0;0;605
2;0;0;0;0;610
3;0;0;0;0;614
4;0;0;0;0;618
5;0;0;0;0;621
6;0;0;0;0;621
7;0;0;0;0;623
8;0;0;0;0;624
9;0;0;0;0;626
10;0;0;0;0;628
11;0;0;0;0;630
12;0;0;0;0;636
13;0;0;0;0;646
14;0;0;0;0;657
15;0;0;0;0;663
0;0;0;0;0;659
1;0;0;0;0;637
2;0;0;0;0;600
3;0;0;0;0;554
4;0;0;0;0;501
5;0;0;0;0;445
6;0;0;0;0;392
7;0;0;0;0;350
8;0;0;0;0;321
9;0;0;0;0;303
10;0;0;0;0;293
11;0;0;0;0;289
12;0;0;0;0;287
13;0;0;0;0;287
14;0;0;0;0;284
15;0;0;0;0;281
0;0;0;0;0;276
1;0;0;0;0;271
2;0;0;0;0;261
3;0;0;0;0;246
4;0;0;0;0;227
5;0;0;0;0;210
6;0;0;0;0;196
7;0;0;0;0;185
8;0;0;0;0;178
9;0;0;0;0;174
10;0;0;0;0;173
11;0;0;0;0;176
12;0;0;0;0;189
13;0;0;0;0;206
14;0;0;0;0;226
15;0;0;0;0;244
0;0;0;0;0;263
1;0;0;0;0;280
2;0;0;0;0;299
3;0;0;0;0;316
4;0;0;0;0;335
5;0;0;0;0;354
6;0;0;0;0;372
7;0;0;0;0;391
8;0;0;0;0;407
9;0;0;0;0;421
10;0;0;0;0;433
11;0;0;0;0;443
12;0;0;0;0;451
13;0;0;0;0;457
14;0;0;0;0;464
15;0;0;0;0;471
0;0;0;0;0;478
1;0;0;0;0;485
2;0;0;0;0;491
3;0;0;0;0;499
4;0;0;0;0;507
5;0;0;0;0;515
6;0;0;0;0;521
7;0;0;0;0;527
8;0;0;0;0;532
9;0;0;0;0;537
10;0;0;0;0;542
11;0;0;0;0;547
12;0;0;0;0;550
13;0;0;0;0;553
14;0;0;0;0;555
15;0;0;0;0;557
0;0;0;0;0;559
1;0;0;0;0;560
2;0;0;0;0;561
3;0;0;0;0;562
4;0;0;0;0;562
5;0;0;0;0;563
6;0;0;0;0;564
7;0;0;0;0;564
8;0;0;0;0;565
9;0;0;0;0;566
10;0;0;0;0;567
11;0;0;0;0;568
12;0;0;0;0;568
13;0;0;0;0;569
14;0;0;0;0;569
15;0;0;0;0;570
0;0;0;0;0;570
1;0;0;0;0;570
2;0;0;0;0;569
3;0;0;0;0;570
4;0;0;0;0;571
5;0;0;0;0;571
6;0;0;0;0;570
7;0;0;0;0;570
8;0;0;0;0;568
9;0;0;0;0;568
10;0;0;0;0;568
11;0;0;0;0;568
12;0;0;0;0;568
13;0;0;0;0;567
14;0;0;0;0;568
15;0;0;0;0;568
0;0;0;0;0;568
1;0;0;0;0;567
2;0;0;0;0;568
3;0;0;0;0;568
4;0;0;0;0;568
5;0;0;0;0;568
6;0;0;0;0;568
7;0;0;0;0;567
8;0;0;0;0;567
9;0;0;0;0;566
10;0;0;0;0;564
11;0;0;0;0;563
12;0;0;0;0;563
13;0;0;0;0;564
14;0;0;0;0;564
15;0;0;0;0;564
0;0;0;0;0;564
1;0;0;0;0;563
2;0;0;0;0;563
3;0;0;0;0;562
4;0;0;0;0;561
5;0;0;0;0;561
6;0;0;0;0;561
7;0;0;0;0;561
8;0;0;0;0;560
9;0;0;0;0;559
10;0;0;0;0;560
11;0;0;0;0;560
12;0;0;0;0;560
13;0;0;0;0;560
14;0;0;0;0;559
15;0;0;0;0;557
0;0;0;0;0;555
1;0;0;0;0;555
2;0;0;0;0;555
3;0;0;0;0;556
4;0;0;0;0;556
5;0;0;0;0;555
6;0;0;0;0;555
7;0;0;0;0;556
8;0;0;0;0;556
9;0;0;0;0;556
10;0;0;0;0;555
11;0;0;0;0;554
12;0;0;0;0;553
13;0;0;0;0;551
14;0;0;0;0;550
15;0;0;0;0;550
0;0;0;0;0;550
1;0;0;0;0;549
2;0;0;0;0;550
3;0;0;0;0;550
4;0;0;0;0;552
5;0;0;0;0;552
6;0;0;0;0;553
7;0;0;0;0;554
8;0;0;0;0;555
9;0;0;0;0;557
10;0;0;0;0;558
11;0;0;0;0;558
12;0;0;0;0;558
13;0;0;0;0;556
14;0;0;0;0;555
15;0;0;0;0;555
0;0;0;0;0;554
1;0;0;0;0;553
2;0;0;0;0;553
3;0;0;0;0;551
4;0;0;0;0;551
5;0;0;0;0;553
6;0;0;0;0;555
7;0;0;0;0;556
8;0;0;0;0;556
9;0;0;0;0;556
10;0;0;0;0;556
11;0;0;0;0;556
12;0;0;0;0;556
13;0;0;0;0;556
14;0;0;0;0;556
15;0;0;0;0;558
0;0;0;0;0;559
1;0;0;0;0;558
2;0;0;0;0;557
3;0;0;0;0;557
4;0;0;0;0;558
5;0;0;0;0;558
6;0;0;0;0;558
7;0;0;0;0;558
8;0;0;0;0;560
9;0;0;0;0;560
10;0;0;0;0;561
11;0;0;0;0;562
12;0;0;0;0;563
13;0;0;0;0;564
14;0;0;0;0;565
15;0;0;0;0;565
0;0;0;0;0;565
1;0;0;0;0;566
2;0;0;0;0;566
3;0;0;0;0;567
4;0;0;0;0;568
5;0;0;0;0;568
6;0;0;0;0;570
7;0;0;0;0;571
8;0;0;0;0;571
9;0;0;0;0;571
10;0;0;0;0;570
11;0;0;0;0;568
12;0;0;0;0;567
13;0;0;0;0;567
14;0;0;0;0;566
15;0;0;0;0;565
0;0;0;0;0;563
1;0;0;0;0;561
2;0;0;0;0;561
3;0;0;0;0;560
4;0;0;0;0;560
5;0;0;0;0;559
6;0;0;0;0;559
7;0;0;0;0;559
8;0;0;0;0;558
9;0;0;0;0;557
10;0;0;0;0;556
11;0;0;0;0;556
12;0;0;0;0;556
13;0;0;0;0;555
14;0;0;0;0;555
15;0;0;0;0;555
0;0;0;0;0;555
1;0;0;0;0;554
2;0;0;0;0;553
3;0;0;0;0;552
4;0;0;0;0;551
5;0;0;0;0;551
6;0;0;0;0;551
7;0;0;0;0;551
8;0;0;0;0;551
9;0;0;0;0;551
10;0;0;0;0;551
11;0;0;0;0;550
12;0;0;0;0;547
13;0;0;0;0;544
14;0;0;0;0;540
15;0;0;0;0;537
0;0;0;0;0;536
1;0;0;0;0;533
2;0;0;0;0;531
3;0;0;0;0;529
4;0;0;0;0;528
5;0;0;0;0;528
6;0;0;0;0;527
7;0;0;0;0;525
8;0;0;0;0;523
9;0;0;0;0;521
10;0;0;0;0;519
11;0;0;0;0;517
12;0;0;0;0;516
13;0;0;0;0;515
14;0;0;0;0;514
15;0;0;0;0;513
0;0;0;0;0;510
1;0;0;0;0;510
2;0;0;0;0;508
3;0;0;0;0;508
4;0;0;0;0;505
5;0;0;0;0;504
6;0;0;0;0;503
7;0;0;0;0;500
8;0;0;0;0;498
9;0;0;0;0;497
10;0;0;0;0;496
11;0;0;0;0;494
12;0;0;0;0;493
13;0;0;0;0;492
14;0;0;0;0;491
15;0;0;0;0;491
0;0;0;0;0;489
1;0;0;0;0;488
2;0;0;0;0;487
3;0;0;0;0;486
4;0;0;0;0;485
5;0;0;0;0;483
6;0;0;0;0;480
7;0;0;0;0;480
8;0;0;0;0;478
9;0;0;0;0;477
10;0;0;0;0;477
11;0;0;0;0;476
12;0;0;0;0;476
13;0;0;0;0;477
14;0;0;0;0;476
15;0;0;0;0;476
0;0;0;0;0;476
1;0;0;0;0;474
2;0;0;0;0;473
3;0;0;0;0;472
4;0;0;0;0;472
5;0;0;0;0;472
6;0;0;0;0;473
7;0;0;0;0;472
8;0;0;0;0;472
9;0;0;0;0;472
10;0;0;0;0;471
11;0;0;0;0;471
12;0;0;0;0;471
13;0;0;0;0;472
14;0;0;0;0;473
15;0;0;0;0;473
0;0;0;0;0;473
1;0;0;0;0;473
2;0;0;0;0;473
3;0;0;0;0;475
4;0;0;0;0;475
5;0;0;0;0;475
6;0;0;0;0;474
7;0;0;0;0;474
8;0;0;0;0;473
9;0;0;0;0;472
10;0;0;0;0;472
11;0;0;0;0;472
12;0;0;0;0;472
13;0;0;0;0;472
14;0;0;0;0;472
15;0;0;0;0;473
0;0;0;0;0;472
1;0;0;0;0;472
2;0;0;0;0;472
3;0;0;0;0;471
4;0;0;0;0;471
5;0;0;0;0;471
6;0;0;0;0;472
7;0;0;0;0;472
8;0;0;0;0;473
9;0;0;0;0;473
10;0;0;0;0;473
11;0;0;0;0;473
12;0;0;0;0;472
13;0;0;0;0;473
14;0;0;0;0;474
15;0;0;0;0;476
0;0;0;0;0;477
1;0;0;0;0;477
2;0;0;0;0;478
3;0;0;0;0;479
4;0;0;0;0;480
5;0;0;0;0;479
6;0;0;0;0;479
7;0;0;0;0;479
8;0;0;0;0;479
9;0;0;0;0;479
10;0;0;0;0;480
11;0;0;0;0;480
12;0;0;0;0;480
13;0;0;0;0;481
14;0;0;0;0;480
15;0;0;0;0;481
0;0;0;0;0;482
1;0;0;0;0;482
2;0;0;0;0;482
3;0;0;0;0;483
4;0;0;0;0;483
5;0;0;0;0;483
6;0;0;0;0;483
7;0;0;0;0;483
8;0;0;0;0;483
9;0;0;0;0;483
10;0;0;0;0;482
11;0;0;0;0;483
12;0;0;0;0;483
13;0;0;0;0;483
14;0;0;0;0;484
15;0;0;0;0;484
0;0;0;0;0;484
1;0;0;0;0;485
2;0;0;0;0;486
3;0;0;0;0;485
4;0;0;0;0;485
5;0;0;0;0;484
6;0;0;0;0;483
7;0;0;0;0;484
8;0;0;0;0;485
9;0;0;0;0;487
10;0;0;0;0;488
11;0;0;0;0;490
12;0;0;0;0;490
13;0;0;0;0;490
14;0;0;0;0;490
15;0;0;0;0;491
0;0;0;0;0;491
1;0;0;0;0;491
2;0;0;0;0;492
3;0;0;0;0;493
4;0;0;0;0;493
5;0;0;0;0;492
6;0;0;0;0;493
7;0;0;0;0;494
8;0;0;0;0;496
9;0;0;0;0;496
10;0;0;0;0;496
11;0;0;0;0;495
12;0;0;0;0;495
13;0;0;0;0;494
14;0;0;0;0;495
15;0;0;0;0;496
0;0;0;0;0;498
1;0;0;0;0;500
2;0;0;0;0;501
3;0;0;0;0;499
4;0;0;0;0;499
5;0;0;0;0;498
6;0;0;0;0;497
7;0;0;0;0;497
8;0;0;0;0;498
9;0;0;0;0;497
10;0;0;0;0;496
11;0;0;0;0;497
12;0;0;0;0;499
13;0;0;0;0;500
14;0;0;0;0;500
15;0;0;0;0;501
0;0;0;0;0;502
1;0;0;0;0;501
2;0;0;0;0;499
3;0;0;0;0;499
4;0;0;0;0;499
5;0;0;0;0;498
6;0;0;0;0;499
7;0;0;0;0;499
8;0;0;0;0;499
9;0;0;0;0;499
10;0;0;0;0;499
11;0;0;0;0;499
12;0;0;0;0;499
13;0;0;0;0;499
14;0;0;0;0;499
15;0;0;0;0;499
0;0;0;0;0;499
1;0;0;0;0;499
2;0;0;0;0;501
3;0;0;0;0;501
4;0;0;0;0;502
5;0;0;0;0;502
6;0;0;0;0;502
7;0;0;0;0;502
8;0;0;0;0;500
9;0;0;0;0;499
10;0;0;0;0;498
11;0;0;0;0;498
12;0;0;0;0;498
13;0;0;0;0;497
14;0;0;0;0;498
15;0;0;0;0;500
0;0;0;0;0;501
1;0;0;0;0;501
2;0;0;0;0;501
3;0;0;0;0;501
4;0;0;0;0;501
5;0;0;0;0;500
6;0;0;0;0;500
7;0;0;0;0;499
8;0;0;0;0;498
9;0;0;0;0;499
10;0;0;0;0;499
11;0;0;0;0;499
12;0;0;0;0;498
13;0;0;0;0;497
14;0;0;0;0;499
15;0;0;0;0;500
0;0;0;0;0;502
1;0;0;0;0;503
2;0;0;0;0;504
3;0;0;0;0;504
4;0;0;0;0;505
5;0;0;0;0;506
6;0;0;0;0;507
7;0;0;0;0;508
8;0;0;0;0;510
9;0;0;0;0;512
10;0;0;0;0;513
11;0;0;0;0;514
12;0;0;0;0;515
13;0;0;0;0;516
14;0;0;0;0;516
15;0;0;0;0;517
0;0;0;0;0;517
1;0;0;0;0;515
2;0;0;0;0;515
3;0;0;0;0;516
4;0;0;0;0;518
5;0;0;0;0;520
6;0;0;0;0;521
7;0;0;0;0;521
8;0;0;0;0;523
9;0;0;0;0;525
10;0;0;0;0;525
11;0;0;0;0;525
12;0;0;0;0;524
13;0;0;0;0;523
14;0;0;0;0;522
15;0;0;0;0;521
0;0;0;0;0;520
1;0;0;0;0;520
2;0;0;0;0;519
3;0;0;0;0;519
4;0;0;0;0;519
5;0;0;0;0;519
6;0;0;0;0;519
7;0;0;0;0;519
8;0;0;0;0;520
9;0;0;0;0;520
10;0;0;0;0;520
11;0;0;0;0;521
12;0;0;0;0;521
13;0;0;0;0;522
14;0;0;0;0;521
15;0;0;0;0;519
0;0;0;0;0;518
1;0;0;0;0;516
2;0;0;0;0;515
3;0;0;0;0;512
4;0;0;0;0;511
5;0;0;0;0;508
6;0;0;0;0;505
7;0;0;0;0;501
8;0;0;0;0;497
9;0;0;0;0;495
10;0;0;0;0;492
11;0;0;0;0;490
12;0;0;0;0;489
13;0;0;0;0;489
14;0;0;0;0;489
15;0;0;0;0;489
0;0;0;0;0;488
1;0;0;0;0;488
2;0;0;0;0;488
3;0;0;0;0;487
4;0;0;0;0;488
5;0;0;0;0;489
6;0;0;0;0;491
7;0;0;0;0;492
8;0;0;0;0;492
9;0;0;0;0;494
10;0;0;0;0;495
11;0;0;0;0;495
12;0;0;0;0;492
13;0;0;0;0;488
14;0;0;0;0;486
15;0;0;0;0;484
0;0;0;0;0;484
1;0;0;0;0;483
2;0;0;0;0;483
3;0;0;0;0;483
4;0;0;0;0;484
5;0;0;0;0;486
6;0;0;0;0;487
7;0;0;0;0;487
8;0;0;0;0;487
9;0;0;0;0;487
10;0;0;0;0;487
11;0;0;0;0;487
12;0;0;0;0;487
13;0;0;0;0;487
14;0;0;0;0;487
15;0;0;0;0;487
0;0;0;0;0;487
1;0;0;0;0;486
2;0;0;0;0;486
3;0;0;0;0;486
4;0;0;0;0;488
5;0;0;0;0;489
6;0;0;0;0;489
7;0;0;0;0;489
8;0;0;0;0;489
9;0;0;0;0;491
10;0;0;0;0;491
11;0;0;0;0;492
12;0;0;0;0;491
13;0;0;0;0;491
14;0;0;0;0;491
15;0;0;0;0;489
0;0;0;0;0;489
1;0;0;0;0;491
2;0;0;0;0;492
3;0;0;0;0;492
4;0;0;0;0;492
5;0;0;0;0;493
6;0;0;0;0;493
7;0;0;0;0;493
8;0;0;0;0;492
9;0;0;0;0;491
10;0;0;0;0;491
11;0;0;0;0;491
12;0;0;0;0;492
13;0;0;0;0;492
14;0;0;0;0;492
15;0;0;0;0;492
0;0;0;0;0;492
1;0;0;0;0;491
2;0;0;0;0;490
3;0;0;0;0;489
4;0;0;0;0;490
5;0;0;0;0;491
6;0;0;0;0;491
7;0;0;0;0;494
8;0;0;0;0;496
9;0;0;0;0;499
10;0;0;0;0;505
11;0;0;0;0;512
12;0;0;0;0;520
13;0;0;0;0;529
14;0;0;0;0;539
15;0;0;0;0;548
0;0;0;0;0;557
1;0;0;0;0;565
2;0;0;0;0;571
3;0;0;0;0;578
4;0;0;0;0;586
5;0;0;0;0;595
6;0;0;0;0;602
7;0;0;0;0;608
8;0;0;0;0;612
9;0;0;0;0;617
10;0;0;0;0;621
11;0;0;0;0;624
12;0;0;0;0;627
13;0;0;0;0;631
14;0;0;0;0;635
15;0;0;0;0;638
0;0;0;0;0;640
1;0;0;0;0;646
2;0;0;0;0;655
3;0;0;0;0;665
4;0;0;0;0;671
5;0;0;0;0;671
6;0;0;0;0;656
7;0;0;0;0;626
8;0;0;0;0;586
9;0;0;0;0;540
10;0;0;0;0;489
11;0;0;0;0;439
12;0;0;0;0;398
13;0;0;0;0;367
14;0;0;0;0;346
15;0;0;0;0;332
0;0;0;0;0;325
1;0;0;0;0;321
2;0;0;0;0;317
3;0;0;0;0;311
4;0;0;0;0;302
5;0;0;0;0;290
6;0;0;0;0;274
7;0;0;0;0;256
8;0;0;0;0;234
9;0;0;0;0;208
10;0;0;0;0;185
11;0;0;0;0;167
12;0;0;0;0;156
13;0;0;0;0;150
14;0;0;0;0;146
15;0;0;0;0;147
0;0;0;0;0;151
1;0;0;0;0;162
2;0;0;0;0;180
3;0;0;0;0;201
4;0;0;0;0;221
5;0;0;0;0;242
6;0;0;0;0;261
7;0;0;0;0;277
8;0;0;0;0;292
9;0;0;0;0;308
10;0;0;0;0;325
11;0;0;0;0;344
12;0;0;0;0;363
13;0;0;0;0;379
14;0;0;0;0;394
15;0;0;0;0;408
0;0;0;0;0;422
1;0;0;0;0;435
2;0;0;0;0;448
3;0;0;0;0;459
4;0;0;0;0;468
5;0;0;0;0;479
6;0;0;0;0;490
7;0;0;0;0;501
8;0;0;0;0;511
9;0;0;0;0;519
10;0;0;0;0;527
11;0;0;0;0;532
12;0;0;0;0;538
13;0;0;0;0;544
14;0;0;0;0;548
15;0;0;0;0;552
0;0;0;0;0;556
1;0;0;0;0;559
2;0;0;0;0;560
3;0;0;0;0;561
4;0;0;0;0;562
5;0;0;0;0;561
6;0;0;0;0;562
7;0;0;0;0;563
8;0;0;0;0;563
9;0;0;0;0;564
10;0;0;0;0;565
11;0;0;0;0;566
12;0;0;0;0;567
13;0;0;0;0;567
14;0;0;0;0;569
15;0;0;0;0;569
0;0;0;0;0;570
1;0;0;0;0;569
2;0;0;0;0;568
3;0;0;0;0;568
4;0;0;0;0;568
5;0;0;0;0;568
6;0;0;0;0;569
7;0;0;0;0;570
8;0;0;0;0;569
9;0;0;0;0;568
10;0;0;0;0;567
11;0;0;0;0;567
12;0;0;0;0;567
13;0;0;0;0;567
14;0;0;0;0;566
15;0;0;0;0;565
0;0;0;0;0;566
1;0;0;0;0;566
2;0;0;0;0;567
3;0;0;0;0;567
4;0;0;0;0;567
5;0;0;0;0;567
6;0;0;0;0;566
7;0;0;0;0;566
8;0;0;0;0;566
9;0;0;0;0;565
10;0;0;0;0;564
11;0;0;0;0;563
12;0;0;0;0;563
13;0;0;0;0;563
14;0;0;0;0;564
15;0;0;0;0;564
0;0;0;0;0;565
1;0;0;0;0;565
2;0;0;0;0;565
3;0;0;0;0;564
4;0;0;0;0;563
5;0;0;0;0;562
6;0;0;0;0;561
7;0;0;0;0;560
8;0;0;0;0;559
9;0;0;0;0;558
10;0;0;0;0;558
11;0;0;0;0;558
12;0;0;0;0;557
13;0;0;0;0;555
14;0;0;0;0;555
15;0;0;0;0;555
0;0;0;0;0;555
1;0;0;0;0;556
2;0;0;0;0;556
3;0;0;0;0;556
4;0;0;0;0;556
5;0;0;0;0;557
6;0;0;0;0;557
7;0;0;0;0;557
8;0;0;0;0;556
9;0;0;0;0;556
10;0;0;0;0;555
11;0;0;0;0;554
12;0;0;0;0;555
13;0;0;0;0;555
14;0;0;0;0;555
15;0;0;0;0;555
0;0;0;0;0;556
1;0;0;0;0;556
2;0;0;0;0;556
3;0;0;0;0;556
4;0;0;0;0;558
5;0;0;0;0;558
6;0;0;0;0;559
7;0;0;0;0;557
8;0;0;0;0;556
9;0;0;0;0;556
10;0;0;0;0;556
11;0;0;0;0;555
12;0;0;0;0;555
13;0;0;0;0;555
14;0;0;0;0;555
15;0;0;0;0;555
0;0;0;0;0;557
1;0;0;0;0;557
2;0;0;0;0;557
3;0;0;0;0;557
4;0;0;0;0;555
5;0;0;0;0;555
6;0;0;0;0;554
7;0;0;0;0;553
8;0;0;0;0;552
9;0;0;0;0;552
10;0;0;0;0;553
11;0;0;0;0;554
12;0;0;0;0;555
13;0;0;0;0;555
14;0;0;0;0;555
15;0;0;0;0;555
0;0;0;0;0;555
1;0;0;0;0;555
2;0;0;0;0;556
3;0;0;0;0;556
4;0;0;0;0;558
5;0;0;0;0;559
6;0;0;0;0;560
7;0;0;0;0;560
8;0;0;0;0;560
9;0;0;0;0;560
10;0;0;0;0;561
11;0;0;0;0;562
12;0;0;0;0;563
13;0;0;0;0;563
14;0;0;0;0;563
15;0;0;0;0;564
0;0;0;0;0;563
1;0;0;0;0;563
2;0;0;0;0;563
3;0;0;0;0;563
4;0;0;0;0;563
5;0;0;0;0;562
6;0;0;0;0;562
7;0;0;0;0;562
8;0;0;0;0;562
9;0;0;0;0;563
10;0;0;0;0;564
11;0;0;0;0;566
12;0;0;0;0;567
13;0;0;0;0;567
14;0;0;0;0;567
15;0;0;0;0;568
0;0;0;0;0;569
1;0;0;0;0;569
2;0;0;0;0;568
3;0;0;0;0;568
4;0;0;0;0;567
5;0;0;0;0;565
6;0;0;0;0;565
7;0;0;0;0;564
8;0;0;0;0;564
9;0;0;0;0;564
10;0;0;0;0;564
11;0;0;0;0;563
12;0;0;0;0;562
13;0;0;0;0;561
14;0;0;0;0;560
15;0;0;0;0;559
0;0;0;0;0;559
1;0;0;0;0;559
2;0;0;0;0;558
3;0;0;0;0;557
4;0;0;0;0;556
5;0;0;0;0;554
6;0;0;0;0;555
7;0;0;0;0;555
8;0;0;0;0;555
9;0;0;0;0;554
10;0;0;0;0;552
11;0;0;0;0;552
12;0;0;0;0;551
13;0;0;0;0;550
14;0;0;0;0;548
15;0;0;0;0;546
0;0;0;0;0;544
1;0;0;0;0;543
2;0;0;0;0;543
3;0;0;0;0;543
4;0;0;0;0;541
5;0;0;0;0;539
6;0;0;0;0;537
7;0;0;0;0;534
8;0;0;0;0;531
9;0;0;0;0;529
10;0;0;0;0;527
11;0;0;0;0;525
12;0;0;0;0;524
13;0;0;0;0;521
14;0;0;0;0;518
15;0;0;0;0;516
0;0;0;0;0;515
1;0;0;0;0;515
2;0;0;0;0;515
3;0;0;0;0;512
4;0;0;0;0;511
5;0;0;0;0;509
6;0;0;0;0;507
7;0;0;0;0;505
8;0;0;0;0;503
9;0;0;0;0;502
10;0;0;0;0;500
11;0;0;0;0;500
12;0;0;0;0;500
13;0;0;0;0;498
14;0;0;0;0;496
15;0;0;0;0;494
0;0;0;0;0;491
1;0;0;0;0;489
2;0;0;0;0;487
3;0;0;0;0;485
4;0;0;0;0;484
5;0;0;0;0;482
6;0;0;0;0;480
7;0;0;0;0;478
8;0;0;0;0;477
9;0;0;0;0;476
10;0;0;0;0;476
11;0;0;0;0;475
12;0;0;0;0;474
13;0;0;0;0;475
14;0;0;0;0;474
15;0;0;0;0;473
0;0;0;0;0;472
1;0;0;0;0;472
2;0;0;0;0;474
3;0;0;0;0;474
4;0;0;0;0;474
5;0;0;0;0;473
6;0;0;0;0;473
7;0;0;0;0;474
8;0;0;0;0;475
9;0;0;0;0;475
10;0;0;0;0;476
11;0;0;0;0;477
12;0;0;0;0;479
13;0;0;0;0;478
14;0;0;0;0;476
15;0;0;0;0;475
0;0;0;0;0;472
1;0;0;0;0;471
2;0;0;0;0;472
3;0;0;0;0;472
4;0;0;0;0;473
5;0;0;0;0;472
6;0;0;0;0;472
7;0;0;0;0;472
8;0;0;0;0;470
9;0;0;0;0;469
10;0;0;0;0;467
11;0;0;0;0;466
12;0;0;0;0;467
13;0;0;0;0;466
14;0;0;0;0;465
15;0;0;0;0;467
0;0;0;0;0;467
1;0;0;0;0;469
2;0;0;0;0;471
3;0;0;0;0;471
4;0;0;0;0;471
5;0;0;0;0;471
6;0;0;0;0;472
7;0;0;0;0;472
8;0;0;0;0;472
9;0;0;0;0;472
10;0;0;0;0;472
11;0;0;0;0;472
12;0;0;0;0;472
13;0;0;0;0;471
14;0;0;0;0;471
15;0;0;0;0;472
0;0;0;0;0;471
1;0;0;0;0;471
2;0;0;0;0;472
3;0;0;0;0;472
4;0;0;0;0;474
5;0;0;0;0;476
6;0;0;0;0;476
7;0;0;0;0;476
8;0;0;0;0;476
9;0;0;0;0;477
10;0;0;0;0;477
11;0;0;0;0;478
12;0;0;0;0;478
13;0;0;0;0;479
14;0;0;0;0;480
15;0;0;0;0;480
0;0;0;0;0;479
1;0;0;0;0;477
2;0;0;0;0;476
3;0;0;0;0;476
4;0;0;0;0;476
5;0;0;0;0;475
6;0;0;0;0;474
7;0;0;0;0;473
8;0;0;0;0;473
9;0;0;0;0;473
10;0;0;0;0;474
11;0;0;0;0;475
12;0;0;0;0;475
13;0;0;0;0;476
14;0;0;0;0;476
15;0;0;0;0;477
0;0;0;0;0;477
1;0;0;0;0;476
2;0;0;0;0;477
3;0;0;0;0;477
4;0;0;0;0;477
5;0;0;0;0;477
6;0;0;0;0;477
7;0;0;0;0;478
8;0;0;0;0;479
9;0;0;0;0;479
10;0;0;0;0;480
11;0;0;0;0;481
12;0;0;0;0;482
13;0;0;0;0;483
14;0;0;0;0;484
15;0;0;0;0;484
0;0;0;0;0;486
1;0;0;0;0;486
2;0;0;0;0;487
3;0;0;0;0;488
4;0;0;0;0;491
5;0;0;0;0;492
6;0;0;0;0;494
7;0;0;0;0;496
8;0;0;0;0;498
9;0;0;0;0;499
10;0;0;0;0;497
11;0;0;0;0;496
12;0;0;0;0;496
13;0;0;0;0;494
14;0;0;0;0;492
15;0;0;0;0;492
0;0;0;0;0;492
1;0;0;0;0;492
2;0;0;0;0;491
3;0;0;0;0;491
4;0;0;0;0;489
5;0;0;0;0;488
6;0;0;0;0;489
7;0;0;0;0;490
8;0;0;0;0;491
9;0;0;0;0;490
10;0;0;0;0;490
11;0;0;0;0;490
12;0;0;0;0;490
13;0;0;0;0;491
14;0;0;0;0;490
15;0;0;0;0;491
0;0;0;0;0;492
1;0;0;0;0;492
2;0;0;0;0;491
3;0;0;0;0;491
4;0;0;0;0;492
5;0;0;0;0;492
6;0;0;0;0;493
7;0;0;0;0;493
8;0;0;0;0;493
9;0;0;0;0;495
10;0;0;0;0;496
11;0;0;0;0;495
12;0;0;0;0;495
13;0;0;0;0;496
14;0;0;0;0;497
15;0;0;0;0;498
0;0;0;0;0;498
1;0;0;0;0;499
2;0;0;0;0;498
3;0;0;0;0;499
4;0;0;0;0;498
5;0;0;0;0;498
6;0;0;0;0;499
7;0;0;0;0;499
8;0;0;0;0;499
9;0;0;0;0;499
10;0;0;0;0;499
11;0;0;0;0;499
12;0;0;0;0;500
13;0;0;0;0;500
14;0;0;0;0;500
15;0;0;0;0;501
0;0;0;0;0;501
1;0;0;0;0;500
2;0;0;0;0;501
3;0;0;0;0;502
4;0;0;0;0;502
5;0;0;0;0;502
6;0;0;0;0;501
7;0;0;0;0;500
8;0;0;0;0;499
9;0;0;0;0;500
10;0;0;0;0;502
11;0;0;0;0;502
12;0;0;0;0;501
13;0;0;0;0;499
14;0;0;0;0;497
15;0;0;0;0;497
0;0;0;0;0;496
1;0;0;0;0;494
2;0;0;0;0;494
3;0;0;0;0;494
4;0;0;0;0;493
5;0;0;0;0;492
6;0;0;0;0;493
7;0;0;0;0;493
8;0;0;0;0;495
9;0;0;0;0;496
10;0;0;0;0;496
11;0;0;0;0;497
12;0;0;0;0;499
13;0;0;0;0;501
14;0;0;0;0;502
15;0;0;0;0;502
0;0;0;0;0;503
1;0;0;0;0;504
2;0;0;0;0;505
3;0;0;0;0;508
4;0;0;0;0;509
5;0;0;0;0;510
6;0;0;0;0;510
7;0;0;0;0;510
8;0;0;0;0;511
9;0;0;0;0;513
10;0;0;0;0;516
11;0;0;0;0;516
12;0;0;0;0;516
13;0;0;0;0;516
14;0;0;0;0;516
15;0;0;0;0;517
0;0;0;0;0;517
1;0;0;0;0;518
2;0;0;0;0;518
3;0;0;0;0;520
4;0;0;0;0;522
5;0;0;0;0;524
6;0;0;0;0;525
7;0;0;0;0;525
8;0;0;0;0;524
9;0;0;0;0;522
10;0;0;0;0;523
11;0;0;0;0;522
12;0;0;0;0;521
13;0;0;0;0;522
14;0;0;0;0;523
15;0;0;0;0;522
0;0;0;0;0;520
1;0;0;0;0;519
2;0;0;0;0;519
3;0;0;0;0;521
4;0;0;0;0;522
5;0;0;0;0;523
6;0;0;0;0;524
7;0;0;0;0;524
8;0;0;0;0;524
9;0;0;0;0;523
10;0;0;0;0;521
11;0;0;0;0;519
12;0;0;0;0;518
13;0;0;0;0;515
14;0;0;0;0;512
15;0;0;0;0;510
0;0;0;0;0;507
1;0;0;0;0;504
2;0;0;0;0;502
3;0;0;0;0;498
4;0;0;0;0;494
5;0;0;0;0;489
6;0;0;0;0;487
7;0;0;0;0;485
8;0;0;0;0;483
9;0;0;0;0;483
10;0;0;0;0;483
11;0;0;0;0;484
12;0;0;0;0;486
13;0;0;0;0;487
14;0;0;0;0;486
15;0;0;0;0;486
0;0;0;0;0;485
1;0;0;0;0;486
2;0;0;0;0;486
3;0;0;0;0;487
4;0;0;0;0;488
5;0;0;0;0;488
6;0;0;0;0;489
7;0;0;0;0;490
8;0;0;0;0;490
9;0;0;0;0;488
10;0;0;0;0;487
11;0;0;0;0;485
12;0;0;0;0;483
13;0;0;0;0;481
14;0;0;0;0;482
15;0;0;0;0;483
0;0;0;0;0;484
1;0;0;0;0;486
2;0;0;0;0;488
3;0;0;0;0;489
4;0;0;0;0;490
5;0;0;0;0;489
6;0;0;0;0;487
7;0;0;0;0;484
8;0;0;0;0;484
9;0;0;0;0;486
10;0;0;0;0;486
11;0;0;0;0;485
12;0;0;0;0;484
13;0;0;0;0;486
14;0;0;0;0;485
15;0;0;0;0;485
0;0;0;0;0;485
1;0;0;0;0;486
2;0;0;0;0;487
3;0;0;0;0;486
4;0;0;0;0;485
5;0;0;0;0;485
6;0;0;0;0;484
7;0;0;0;0;483
8;0;0;0;0;482
9;0;0;0;0;481
10;0;0;0;0;481
11;0;0;0;0;481
12;0;0;0;0;483
13;0;0;0;0;484
14;0;0;0;0;486
15;0;0;0;0;487
0;0;0;0;0;487
1;0;0;0;0;487
2;0;0;0;0;487
3;0;0;0;0;488
4;0;0;0;0;488
5;0;0;0;0;489
6;0;0;0;0;491
7;0;0;0;0;491
8;0;0;0;0;492
9;0;0;0;0;492
10;0;0;0;0;490
11;0;0;0;0;490
12;0;0;0;0;491
13;0;0;0;0;491
14;0;0;0;0;492
15;0;0;0;0;492
0;0;0;0;0;492
1;0;0;0;0;491
2;0;0;0;0;492
3;0;0;0;0;495
4;0;0;0;0;497
5;0;0;0;0;499
6;0;0;0;0;500
7;0;0;0;0;504
8;0;0;0;0;509
9;0;0;0;0;516
10;0;0;0;0;525
11;0;0;0;0;534
12;0;0;0;0;546
13;0;0;0;0;556
14;0;0;0;0;568
15;0;0;0;0;576
0;0;0;0;0;582
1;0;0;0;0;590
2;0;0;0;0;598
3;0;0;0;0;604
4;0;0;0;0;608
5;0;0;0;0;612
6;0;0;0;0;615
7;0;0;0;0;620
8;0;0;0;0;623
9;0;0;0;0;624
10;0;0;0;0;627
11;0;0;0;0;629
12;0;0;0;0;630
13;0;0;0;0;632
14;0;0;0;0;634
15;0;0;0;0;641
0;0;0;0;0;652
1;0;0;0;0;666
2;0;0;0;0;675
3;0;0;0;0;673
4;0;0;0;0;657
5;0;0;0;0;626
6;0;0;0;0;587
7;0;0;0;0;539
8;0;0;0;0;488
9;0;0;0;0;443
10;0;0;0;0;405
11;0;0;0;0;376
12;0;0;0;0;359
13;0;0;0;0;348
14;0;0;0;0;340
15;0;0;0;0;335
0;0;0;0;0;330
1;0;0;0;0;321
2;0;0;0;0;307
3;0;0;0;0;289
4;0;0;0;0;269
5;0;0;0;0;249
6;0;0;0;0;225
7;0;0;0;0;200
8;0;0;0;0;179
9;0;0;0;0;163
10;0;0;0;0;152
11;0;0;0;0;145
12;0;0;0;0;142
13;0;0;0;0;143
14;0;0;0;0;147
15;0;0;0;0;160
0;0;0;0;0;178
1;0;0;0;0;197
2;0;0;0;0;217
3;0;0;0;0;238
4;0;0;0;0;257
5;0;0;0;0;275
6;0;0;0;0;292
7;0;0;0;0;310
8;0;0;0;0;327
9;0;0;0;0;346
10;0;0;0;0;365
11;0;0;0;0;381
12;0;0;0;0;397
13;0;0;0;0;413
14;0;0;0;0;428
15;0;0;0;0;440
0;0;0;0;0;452
1;0;0;0;0;463
2;0;0;0;0;474
3;0;0;0;0;484
4;0;0;0;0;495
5;0;0;0;0;503
6;0;0;0;0;511
7;0;0;0;0;517
8;0;0;0;0;522
9;0;0;0;0;527
10;0;0;0;0;531
11;0;0;0;0;537
12;0;0;0;0;543
13;0;0;0;0;547
14;0;0;0;0;549
15;0;0;0;0;551
0;0;0;0;0;552
1;0;0;0;0;555
2;0;0;0;0;556
3;0;0;0;0;557
4;0;0;0;0;558
5;0;0;0;0;559
6;0;0;0;0;561
7;0;0;0;0;565
8;0;0;0;0;568
9;0;0;0;0;568
10;0;0;0;0;568
11;0;0;0;0;568
12;0;0;0;0;570
13;0;0;0;0;570
14;0;0;0;0;571
15;0;0;0;0;570
0;0;0;0;0;571
1;0;0;0;0;572
2;0;0;0;0;571
3;0;0;0;0;570
4;0;0;0;0;568
5;0;0;0;0;568
6;0;0;0;0;568
7;0;0;0;0;569
8;0;0;0;0;570
9;0;0;0;0;573
10;0;0;0;0;572
11;0;0;0;0;571
12;0;0;0;0;569
13;0;0;0;0;568
14;0;0;0;0;568
15;0;0;0;0;568
0;0;0;0;0;568
1;0;0;0;0;567
2;0;0;0;0;567
3;0;0;0;0;566
4;0;0;0;0;566
5;0;0;0;0;565
6;0;0;0;0;565
7;0;0;0;0;565
8;0;0;0;0;565
9;0;0;0;0;566
10;0;0;0;0;566
11;0;0;0;0;567
12;0;0;0;0;568
13;0;0;0;0;568
14;0;0;0;0;568
15;0;0;0;0;567
0;0;0;0;0;566
1;0;0;0;0;565
2;0;0;0;0;564
3;0;0;0;0;564
4;0;0;0;0;564
5;0;0;0;0;563
6;0;0;0;0;564
7;0;0;0;0;564
8;0;0;0;0;564
9;0;0;0;0;565
10;0;0;0;0;566
11;0;0;0;0;567
12;0;0;0;0;567
13;0;0;0;0;568
14;0;0;0;0;567
15;0;0;0;0;565
0;0;0;0;0;561
1;0;0;0;0;559
2;0;0;0;0;558
3;0;0;0;0;558
4;0;0;0;0;557
5;0;0;0;0;556
6;0;0;0;0;556
7;0;0;0;0;556
8;0;0;0;0;559
9;0;0;0;0;561
10;0;0;0;0;562
11;0;0;0;0;563
12;0;0;0;0;564
13;0;0;0;0;563
14;0;0;0;0;562
15;0;0;0;0;561
0;0;0;0;0;559
1;0;0;0;0;555
2;0;0;0;0;551
3;0;0;0;0;547
4;0;0;0;0;546
5;0;0;0;0;545
6;0;0;0;0;545
7;0;0;0;0;547
8;0;0;0;0;549
9;0;0;0;0;551
10;0;0;0;0;551
11;0;0;0;0;551
12;0;0;0;0;552
13;0;0;0;0;554
14;0;0;0;0;556
15;0;0;0;0;557
0;0;0;0;0;557
1;0;0;0;0;555
2;0;0;0;0;553
3;0;0;0;0;551
4;0;0;0;0;551
5;0;0;0;0;552
6;0;0;0;0;553
7;0;0;0;0;554
8;0;0;0;0;556
9;0;0;0;0;558
10;0;0;0;0;559
11;0;0;0;0;560
12;0;0;0;0;560
13;0;0;0;0;561
14;0;0;0;0;561
15;0;0;0;0;561
0;0;0;0;0;563
1;0;0;0;0;564
2;0;0;0;0;565
3;0;0;0;0;567
4;0;0;0;0;567
5;0;0;0;0;564
6;0;0;0;0;562
7;0;0;0;0;560
8;0;0;0;0;559
9;0;0;0;0;559
10;0;0;0;0;559
11;0;0;0;0;559
12;0;0;0;0;560
13;0;0;0;0;560
14;0;0;0;0;559
15;0;0;0;0;558
0;0;0;0;0;559
1;0;0;0;0;559
2;0;0;0;0;559
3;0;0;0;0;558
4;0;0;0;0;556
5;0;0;0;0;555
6;0;0;0;0;557
7;0;0;0;0;559
8;0;0;0;0;561
9;0;0;0;0;562
10;0;0;0;0;563
11;0;0;0;0;563
12;0;0;0;0;564
13;0;0;0;0;566
14;0;0;0;0;567
15;0;0;0;0;567
0;0;0;0;0;566
1;0;0;0;0;564
2;0;0;0;0;564
3;0;0;0;0;563
4;0;0;0;0;563
5;0;0;0;0;563
6;0;0;0;0;563
7;0;0;0;0;563
8;0;0;0;0;563
9;0;0;0;0;562
10;0;0;0;0;561
11;0;0;0;0;560
12;0;0;0;0;559
13;0;0;0;0;558
14;0;0;0;0;556
15;0;0;0;0;556
0;0;0;0;0;554
1;0;0;0;0;552
2;0;0;0;0;551
3;0;0;0;0;550
4;0;0;0;0;550
5;0;0;0;0;550
6;0;0;0;0;550
7;0;0;0;0;550
8;0;0;0;0;550
9;0;0;0;0;548
10;0;0;0;0;547
11;0;0;0;0;547
12;0;0;0;0;545
13;0;0;0;0;543
14;0;0;0;0;542
15;0;0;0;0;540
0;0;0;0;0;539
1;0;0;0;0;539
2;0;0;0;0;538
3;0;0;0;0;537
4;0;0;0;0;536
5;0;0;0;0;534
6;0;0;0;0;533
7;0;0;0;0;530
8;0;0;0;0;527
9;0;0;0;0;525
10;0;0;0;0;524
11;0;0;0;0;523
12;0;0;0;0;521
13;0;0;0;0;518
14;0;0;0;0;516
15;0;0;0;0;514
0;0;0;0;0;511
1;0;0;0;0;508
2;0;0;0;0;505
3;0;0;0;0;503
4;0;0;0;0;502
5;0;0;0;0;500
6;0;0;0;0;501
7;0;0;0;0;500
8;0;0;0;0;498
9;0;0;0;0;496
10;0;0;0;0;492
11;0;0;0;0;490
12;0;0;0;0;488
13;0;0;0;0;487
14;0;0;0;0;486
15;0;0;0;0;485
0;0;0;0;0;483
1;0;0;0;0;482
2;0;0;0;0;481
3;0;0;0;0;479
4;0;0;0;0;477
5;0;0;0;0;476
6;0;0;0;0;475
7;0;0;0;0;473
8;0;0;0;0;473
9;0;0;0;0;472
10;0;0;0;0;472
11;0;0;0;0;472
12;0;0;0;0;471
13;0;0;0;0;471
14;0;0;0;0;471
15;0;0;0;0;470
0;0;0;0;0;471
1;0;0;0;0;470
2;0;0;0;0;470
3;0;0;0;0;470
4;0;0;0;0;467
5;0;0;0;0;466
6;0;0;0;0;464
7;0;0;0;0;463
8;0;0;0;0;464
9;0;0;0;0;464
10;0;0;0;0;465
11;0;0;0;0;465
12;0;0;0;0;465
13;0;0;0;0;465
14;0;0;0;0;465
15;0;0;0;0;466
0;0;0;0;0;465
1;0;0;0;0;465
2;0;0;0;0;465
3;0;0;0;0;464
4;0;0;0;0;462
5;0;0;0;0;460
6;0;0;0;0;461
7;0;0;0;0;461
8;0;0;0;0;461
9;0;0;0;0;461
10;0;0;0;0;460
11;0;0;0;0;461
12;0;0;0;0;461
13;0;0;0;0;462
14;0;0;0;0;462
15;0;0;0;0;462
0;0;0;0;0;462
1;0;0;0;0;462
2;0;0;0;0;462
3;0;0;0;0;462
4;0;0;0;0;462
5;0;0;0;0;464
6;0;0;0;0;464
7;0;0;0;0;465
8;0;0;0;0;464
9;0;0;0;0;463
10;0;0;0;0;463
11;0;0;0;0;463
12;0;0;0;0;464
13;0;0;0;0;464
14;0;0;0;0;464
15;0;0;0;0;466
0;0;0;0;0;467
1;0;0;0;0;467
2;0;0;0;0;468
3;0;0;0;0;470
4;0;0;0;0;470
5;0;0;0;0;471
6;0;0;0;0;471
7;0;0;0;0;471
8;0;0;0;0;470
9;0;0;0;0;471
10;0;0;0;0;471
11;0;0;0;0;472
12;0;0;0;0;472
13;0;0;0;0;472
14;0;0;0;0;471
15;0;0;0;0;471
0;0;0;0;0;471
1;0;0;0;0;470
2;0;0;0;0;470
3;0;0;0;0;471
4;0;0;0;0;471
5;0;0;0;0;470
6;0;0;0;0;470
7;0;0;0;0;470
8;0;0;0;0;471
9;0;0;0;0;471
10;0;0;0;0;472
11;0;0;0;0;473
12;0;0;0;0;474
13;0;0;0;0;476
14;0;0;0;0;476
15;0;0;0;0;478
0;0;0;0;0;477
1;0;0;0;0;476
2;0;0;0;0;478
3;0;0;0;0;479
4;0;0;0;0;480
5;0;0;0;0;481
6;0;0;0;0;481
7;0;0;0;0;482
8;0;0;0;0;482
9;0;0;0;0;483
10;0;0;0;0;483
11;0;0;0;0;483
12;0;0;0;0;484
13;0;0;0;0;483
14;0;0;0;0;483
15;0;0;0;0;485
0;0;0;0;0;486
1;0;0;0;0;487
2;0;0;0;0;488
3;0;0;0;0;488
4;0;0;0;0;488
5;0;0;0;0;488
6;0;0;0;0;487
7;0;0;0;0;487
8;0;0;0;0;485
9;0;0;0;0;485
10;0;0;0;0;486
11;0;0;0;0;487
12;0;0;0;0;489
13;0;0;0;0;490
14;0;0;0;0;490
15;0;0;0;0;491
0;0;0;0;0;492
1;0;0;0;0;492
2;0;0;0;0;492
3;0;0;0;0;491
4;0;0;0;0;492
5;0;0;0;0;493
6;0;0;0;0;492
7;0;0;0;0;492
8;0;0;0;0;492
9;0;0;0;0;491
10;0;0;0;0;491
11;0;0;0;0;491
12;0;0;0;0;492
13;0;0;0;0;493
14;0;0;0;0;493
15;0;0;0;0;493
0;0;0;0;0;492
1;0;0;0;0;492
2;0;0;0;0;493
3;0;0;0;0;494
4;0;0;0;0;494
5;0;0;0;0;495
6;0;0;0;0;495
7;0;0;0;0;495
8;0;0;0;0;494
9;0;0;0;0;495
10;0;0;0;0;496
11;0;0;0;0;496
12;0;0;0;0;498
13;0;0;0;0;498
14;0;0;0;0;497
15;0;0;0;0;496
0;0;0;0;0;495
1;0;0;0;0;495
2;0;0;0;0;496
3;0;0;0;0;497
4;0;0;0;0;497
5;0;0;0;0;497
6;0;0;0;0;497
7;0;0;0;0;497
8;0;0;0;0;497
9;0;0;0;0;496
10;0;0;0;0;497
11;0;0;0;0;497
12;0;0;0;0;497
13;0;0;0;0;498
14;0;0;0;0;498
15;0;0;0;0;498
0;0;0;0;0;498
1;0;0;0;0;498
2;0;0;0;0;498
3;0;0;0;0;498
4;0;0;0;0;498
5;0;0;0;0;498
6;0;0;0;0;498
7;0;0;0;0;497
8;0;0;0;0;498
9;0;0;0;0;499
10;0;0;0;0;498
11;0;0;0;0;498
12;0;0;0;0;499
13;0;0;0;0;501
14;0;0;0;0;502
15;0;0;0;0;502
0;0;0;0;0;502
1;0;0;0;0;502
2;0;0;0;0;501
3;0;0;0;0;500
4;0;0;0;0;501
5;0;0;0;0;501
6;0;0;0;0;501
7;0;0;0;0;500
8;0;0;0;0;500
9;0;0;0;0;500
10;0;0;0;0;499
11;0;0;0;0;500
12;0;0;0;0;500
13;0;0;0;0;501
14;0;0;0;0;504
15;0;0;0;0;506
0;0;0;0;0;508
1;0;0;0;0;509
2;0;0;0;0;510
3;0;0;0;0;510
4;0;0;0;0;511
5;0;0;0;0;512
6;0;0;0;0;515
7;0;0;0;0;516
8;0;0;0;0;517
9;0;0;0;0;517
10;0;0;0;0;517
11;0;0;0;0;517
12;0;0;0;0;518
13;0;0;0;0;516
14;0;0;0;0;515
15;0;0;0;0;516
0;0;0;0;0;516
1;0;0;0;0;515
2;0;0;0;0;515
3;0;0;0;0;517
4;0;0;0;0;521
5;0;0;0;0;524
6;0;0;0;0;524
7;0;0;0;0;526
8;0;0;0;0;526
9;0;0;0;0;526
10;0;0;0;0;527
11;0;0;0;0;526
12;0;0;0;0;525
13;0;0;0;0;524
14;0;0;0;0;524
15;0;0;0;0;524
0;0;0;0;0;524
1;0;0;0;0;523
2;0;0;0;0;521
3;0;0;0;0;521
4;0;0;0;0;520
5;0;0;0;0;518
6;0;0;0;0;517
7;0;0;0;0;516
8;0;0;0;0;516
9;0;0;0;0;515
10;0;0;0;0;515
11;0;0;0;0;514
12;0;0;0;0;514
13;0;0;0;0;513
14;0;0;0;0;510
15;0;0;0;0;507
0;0;0;0;0;504
1;0;0;0;0;501
2;0;0;0;0;499
3;0;0;0;0;497
4;0;0;0;0;494
5;0;0;0;0;491
6;0;0;0;0;489
7;0;0;0;0;488
8;0;0;0;0;486
9;0;0;0;0;485
10;0;0;0;0;486
11;0;0;0;0;487
12;0;0;0;0;487
13;0;0;0;0;487
14;0;0;0;0;488
15;0;0;0;0;489
0;0;0;0;0;490
1;0;0;0;0;490
2;0;0;0;0;490
3;0;0;0;0;491
4;0;0;0;0;491
5;0;0;0;0;490
6;0;0;0;0;489
7;0;0;0;0;490
8;0;0;0;0;491
9;0;0;0;0;491
10;0;0;0;0;489
11;0;0;0;0;487
12;0;0;0;0;485
13;0;0;0;0;485
14;0;0;0;0;486
15;0;0;0;0;486
0;0;0;0;0;486
1;0;0;0;0;488
2;0;0;0;0;490
3;0;0;0;0;492
4;0;0;0;0;492
5;0;0;0;0;493
6;0;0;0;0;492
7;0;0;0;0;491
8;0;0;0;0;490
9;0;0;0;0;488
10;0;0;0;0;487
11;0;0;0;0;486
12;0;0;0;0;485
13;0;0;0;0;485
14;0;0;0;0;484
15;0;0;0;0;485
0;0;0;0;0;488
1;0;0;0;0;489
2;0;0;0;0;490
3;0;0;0;0;491
4;0;0;0;0;490
5;0;0;0;0;488
6;0;0;0;0;486
7;0;0;0;0;482
8;0;0;0;0;480
9;0;0;0;0;481
10;0;0;0;0;481
11;0;0;0;0;482
12;0;0;0;0;483
13;0;0;0;0;486
14;0;0;0;0;487
15;0;0;0;0;488
0;0;0;0;0;487
1;0;0;0;0;485
2;0;0;0;0;484
3;0;0;0;0;483
4;0;0;0;0;483
5;0;0;0;0;484
6;0;0;0;0;485
7;0;0;0;0;487
8;0;0;0;0;486
9;0;0;0;0;486
10;0;0;0;0;487
11;0;0;0;0;488
12;0;0;0;0;489
13;0;0;0;0;492
14;0;0;0;0;493
15;0;0;0;0;495
0;0;0;0;0;495
1;0;0;0;0;495
2;0;0;0;0;497
3;0;0;0;0;497
4;0;0;0;0;496
5;0;0;0;0;494
6;0;0;0;0;494
7;0;0;0;0;498
8;0;0;0;0;503
9;0;0;0;0;509
10;0;0;0;0;518
11;0;0;0;0;527
12;0;0;0;0;537
13;0;0;0;0;547
14;0;0;0;0;558
15;0;0;0;0;569
0;0;0;0;0;578
1;0;0;0;0;587
2;0;0;0;0;593
3;0;0;0;0;601
4;0;0;0;0;608
5;0;0;0;0;611
6;0;0;0;0;614
7;0;0;0;0;616
8;0;0;0;0;617
9;0;0;0;0;615
10;0;0;0;0;614
11;0;0;0;0;615
12;0;0;0;0;615
13;0;0;0;0;619
14;0;0;0;0;622
15;0;0;0;0;631
0;0;0;0;0;643
1;0;0;0;0;656
2;0;0;0;0;663
3;0;0;0;0;660
4;0;0;0;0;644
5;0;0;0;0;615
6;0;0;0;0;575
7;0;0;0;0;528
8;0;0;0;0;477
9;0;0;0;0;430
10;0;0;0;0;393
11;0;0;0;0;368
12;0;0;0;0;351
13;0;0;0;0;341
14;0;0;0;0;336
15;0;0;0;0;332
0;0;0;0;0;326
1;0;0;0;0;317
2;0;0;0;0;304
3;0;0;0;0;283
4;0;0;0;0;259
5;0;0;0;0;236
6;0;0;0;0;209
7;0;0;0;0;183
8;0;0;0;0;163
9;0;0;0;0;149
10;0;0;0;0;140
11;0;0;0;0;135
12;0;0;0;0;135
13;0;0;0;0;137
14;0;0;0;0;143
15;0;0;0;0;155
0;0;0;0;0;172
1;0;0;0;0;192
2;0;0;0;0;211
3;0;0;0;0;231
4;0;0;0;0;250
5;0;0;0;0;268
6;0;0;0;0;286
7;0;0;0;0;304
8;0;0;0;0;326
9;0;0;0;0;347
10;0;0;0;0;366
11;0;0;0;0;385
12;0;0;0;0;401
13;0;0;0;0;416
14;0;0;0;0;430
15;0;0;0;0;444
0;0;0;0;0;455
1;0;0;0;0;467
2;0;0;0;0;478
3;0;0;0;0;490
4;0;0;0;0;501
5;0;0;0;0;511
6;0;0;0;0;520
7;0;0;0;0;528
8;0;0;0;0;535
9;0;0;0;0;540
10;0;0;0;0;545
11;0;0;0;0;548
12;0;0;0;0;551
13;0;0;0;0;551
14;0;0;0;0;554
15;0;0;0;0;557
0;0;0;0;0;559
1;0;0;0;0;562
2;0;0;0;0;563
3;0;0;0;0;564
4;0;0;0;0;564
5;0;0;0;0;563
6;0;0;0;0;564
7;0;0;0;0;563
8;0;0;0;0;564
9;0;0;0;0;566
10;0;0;0;0;568
11;0;0;0;0;568
12;0;0;0;0;569
13;0;0;0;0;569
14;0;0;0;0;570
15;0;0;0;0;571
0;0;0;0;0;572
1;0;0;0;0;572
2;0;0;0;0;572
3;0;0;0;0;572
4;0;0;0;0;571
5;0;0;0;0;572
6;0;0;0;0;573
7;0;0;0;0;572
8;0;0;0;0;571
9;0;0;0;0;570
10;0;0;0;0;569
11;0;0;0;0;568
12;0;0;0;0;568
13;0;0;0;0;568
14;0;0;0;0;569
15;0;0;0;0;568
0;0;0;0;0;568
1;0;0;0;0;568
2;0;0;0;0;568
3;0;0;0;0;569
4;0;0;0;0;570
5;0;0;0;0;570
6;0;0;0;0;568
7;0;0;0;0;567
8;0;0;0;0;566
9;0;0;0;0;566
10;0;0;0;0;565
11;0;0;0;0;566
12;0;0;0;0;566
13;0;0;0;0;566
14;0;0;0;0;567
15;0;0;0;0;567
0;0;0;0;0;566
1;0;0;0;0;564
2;0;0;0;0;564
3;0;0;0;0;564
4;0;0;0;0;564
5;0;0;0;0;563
6;0;0;0;0;563
7;0;0;0;0;562
8;0;0;0;0;563
9;0;0;0;0;562
10;0;0;0;0;561
11;0;0;0;0;560
12;0;0;0;0;559
13;0;0;0;0;559
14;0;0;0;0;559
15;0;0;0;0;560
0;0;0;0;0;561
1;0;0;0;0;560
2;0;0;0;0;558
3;0;0;0;0;558
4;0;0;0;0;559
5;0;0;0;0;558
6;0;0;0;0;557
7;0;0;0;0;557
8;0;0;0;0;557
9;0;0;0;0;558
10;0;0;0;0;558
11;0;0;0;0;558
12;0;0;0;0;559
13;0;0;0;0;560
14;0;0;0;0;560
15;0;0;0;0;560
0;0;0;0;0;560
1;0;0;0;0;559
2;0;0;0;0;558
3;0;0;0;0;558
4;0;0;0;0;557
5;0;0;0;0;555
6;0;0;0;0;554
7;0;0;0;0;556
8;0;0;0;0;557
9;0;0;0;0;556
10;0;0;0;0;556
11;0;0;0;0;557
12;0;0;0;0;558
13;0;0;0;0;559
14;0;0;0;0;559
15;0;0;0;0;558
0;0;0;0;0;557
1;0;0;0;0;556
2;0;0;0;0;556
3;0;0;0;0;555
4;0;0;0;0;554
5;0;0;0;0;555
6;0;0;0;0;555
7;0;0;0;0;555
8;0;0;0;0;556
9;0;0;0;0;555
10;0;0;0;0;557
11;0;0;0;0;556
12;0;0;0;0;555
13;0;0;0;0;553
14;0;0;0;0;553
15;0;0;0;0;552
0;0;0;0;0;552
1;0;0;0;0;554
2;0;0;0;0;557
3;0;0;0;0;559
4;0;0;0;0;561
5;0;0;0;0;561
6;0;0;0;0;563
7;0;0;0;0;564
8;0;0;0;0;564
9;0;0;0;0;566
10;0;0;0;0;569
11;0;0;0;0;569
12;0;0;0;0;569
13;0;0;0;0;568
14;0;0;0;0;568
15;0;0;0;0;569
0;0;0;0;0;569
1;0;0;0;0;570
2;0;0;0;0;571
3;0;0;0;0;573
4;0;0;0;0;575
5;0;0;0;0;576
6;0;0;0;0;578
7;0;0;0;0;578
8;0;0;0;0;577
9;0;0;0;0;577
10;0;0;0;0;575
11;0;0;0;0;575
12;0;0;0;0;574
13;0;0;0;0;572
14;0;0;0;0;570
15;0;0;0;0;569
0;0;0;0;0;568
1;0;0;0;0;568
2;0;0;0;0;571
3;0;0;0;0;572
4;0;0;0;0;572
5;0;0;0;0;570
6;0;0;0;0;570
7;0;0;0;0;568
8;0;0;0;0;568
9;0;0;0;0;567
10;0;0;0;0;567
11;0;0;0;0;565
12;0;0;0;0;563
13;0;0;0;0;561
14;0;0;0;0;560
15;0;0;0;0;559
0;0;0;0;0;557
1;0;0;0;0;556
2;0;0;0;0;554
3;0;0;0;0;553
4;0;0;0;0;554
5;0;0;0;0;553
6;0;0;0;0;552
7;0;0;0;0;552
8;0;0;0;0;552
9;0;0;0;0;552
10;0;0;0;0;551
11;0;0;0;0;551
12;0;0;0;0;551
13;0;0;0;0;551
14;0;0;0;0;550
15;0;0;0;0;548
0;0;0;0;0;547
1;0;0;0;0;545
2;0;0;0;0;544
3;0;0;0;0;543
4;0;0;0;0;542
5;0;0;0;0;540
6;0;0;0;0;537
7;0;0;0;0;536
8;0;0;0;0;534
9;0;0;0;0;533
10;0;0;0;0;531
11;0;0;0;0;528
12;0;0;0;0;526
13;0;0;0;0;524
14;0;0;0;0;521
15;0;0;0;0;519
0;0;0;0;0;515
1;0;0;0;0;512
2;0;0;0;0;510
3;0;0;0;0;507
4;0;0;0;0;504
5;0;0;0;0;501
6;0;0;0;0;499
7;0;0;0;0;497
8;0;0;0;0;495
9;0;0;0;0;495
10;0;0;0;0;495
11;0;0;0;0;494
12;0;0;0;0;493
13;0;0;0;0;490
14;0;0;0;0;488
15;0;0;0;0;487
0;0;0;0;0;486
1;0;0;0;0;485
2;0;0;0;0;484
3;0;0;0;0;483
4;0;0;0;0;482
5;0;0;0;0;480
6;0;0;0;0;477
7;0;0;0;0;475
8;0;0;0;0;473
9;0;0;0;0;472
10;0;0;0;0;471
11;0;0;0;0;471
12;0;0;0;0;472
13;0;0;0;0;473
14;0;0;0;0;473
15;0;0;0;0;473
0;0;0;0;0;473
1;0;0;0;0;473
2;0;0;0;0;473
3;0;0;0;0;472
4;0;0;0;0;471
5;0;0;0;0;470
6;0;0;0;0;469
7;0;0;0;0;468
8;0;0;0;0;467
9;0;0;0;0;465
10;0;0;0;0;463
11;0;0;0;0;462
12;0;0;0;0;461
13;0;0;0;0;462
14;0;0;0;0;464
15;0;0;0;0;464
0;0;0;0;0;463
1;0;0;0;0;464
2;0;0;0;0;465
3;0;0;0;0;466
4;0;0;0;0;465
5;0;0;0;0;465
6;0;0;0;0;466
7;0;0;0;0;467
8;0;0;0;0;466
9;0;0;0;0;465
10;0;0;0;0;464
11;0;0;0;0;465
12;0;0;0;0;464
13;0;0;0;0;463
14;0;0;0;0;462
15;0;0;0;0;461
0;0;0;0;0;462
1;0;0;0;0;462
2;0;0;0;0;463
3;0;0;0;0;463
4;0;0;0;0;462
5;0;0;0;0;463
6;0;0;0;0;464
7;0;0;0;0;466
8;0;0;0;0;469
9;0;0;0;0;470
10;0;0;0;0;470
11;0;0;0;0;469
12;0;0;0;0;469
13;0;0;0;0;467
14;0;0;0;0;466
15;0;0;0;0;468
0;0;0;0;0;467
1;0;0;0;0;467
2;0;0;0;0;468
3;0;0;0;0;468
4;0;0;0;0;468
5;0;0;0;0;467
6;0;0;0;0;466
7;0;0;0;0;466
8;0;0;0;0;468
9;0;0;0;0;470
10;0;0;0;0;472
11;0;0;0;0;476
12;0;0;0;0;478
13;0;0;0;0;479
14;0;0;0;0;478
15;0;0;0;0;477
0;0;0;0;0;476
1;0;0;0;0;476
2;0;0;0;0;474
3;0;0;0;0;473
4;0;0;0;0;474
5;0;0;0;0;474
6;0;0;0;0;475
7;0;0;0;0;475
8;0;0;0;0;476
9;0;0;0;0;476
10;0;0;0;0;476
11;0;0;0;0;476
12;0;0;0;0;476
13;0;0;0;0;477
14;0;0;0;0;478
15;0;0;0;0;479
0;0;0;0;0;480
1;0;0;0;0;480
2;0;0;0;0;480
3;0;0;0;0;480
4;0;0;0;0;482
5;0;0;0;0;485
6;0;0;0;0;487
7;0;0;0;0;490
8;0;0;0;0;491
9;0;0;0;0;492
10;0;0;0;0;491
11;0;0;0;0;487
12;0;0;0;0;484
13;0;0;0;0;483
14;0;0;0;0;483
15;0;0;0;0;485
0;0;0;0;0;488
1;0;0;0;0;491
2;0;0;0;0;492
3;0;0;0;0;493
4;0;0;0;0;495
5;0;0;0;0;496
6;0;0;0;0;494
7;0;0;0;0;490
8;0;0;0;0;488
9;0;0;0;0;488
10;0;0;0;0;489
11;0;0;0;0;489
12;0;0;0;0;490
13;0;0;0;0;491
14;0;0;0;0;490
15;0;0;0;0;489
0;0;0;0;0;488
1;0;0;0;0;489
2;0;0;0;0;489
3;0;0;0;0;489
4;0;0;0;0;487
5;0;0;0;0;487
6;0;0;0;0;487
7;0;0;0;0;488
8;0;0;0;0;489
9;0;0;0;0;491
10;0;0;0;0;493
11;0;0;0;0;495
12;0;0;0;0;499
13;0;0;0;0;504
14;0;0;0;0;506
15;0;0;0;0;507
0;0;0;0;0;506
1;0;0;0;0;503
2;0;0;0;0;499
3;0;0;0;0;496
4;0;0;0;0;491
5;0;0;0;0;487
6;0;0;0;0;487
7;0;0;0;0;488
8;0;0;0;0;489
9;0;0;0;0;490
10;0;0;0;0;492
11;0;0;0;0;493
12;0;0;0;0;493
13;0;0;0;0;494
14;0;0;0;0;495
15;0;0;0;0;496
0;0;0;0;0;496
1;0;0;0;0;495
2;0;0;0;0;493
3;0;0;0;0;492
4;0;0;0;0;489
5;0;0;0;0;486
6;0;0;0;0;487
7;0;0;0;0;487
8;0;0;0;0;487
9;0;0;0;0;487
10;0;0;0;0;487
11;0;0;0;0;487
12;0;0;0;0;487
13;0;0;0;0;488
14;0;0;0;0;489
15;0;0;0;0;490
0;0;0;0;0;490
1;0;0;0;0;489
2;0;0;0;0;489
3;0;0;0;0;489
4;0;0;0;0;488
5;0;0;0;0;489
6;0;0;0;0;488
7;0;0;0;0;490
8;0;0;0;0;490
9;0;0;0;0;490
10;0;0;0;0;490
11;0;0;0;0;490
12;0;0;0;0;491
13;0;0;0;0;492
14;0;0;0;0;492
15;0;0;0;0;493
0;0;0;0;0;494
1;0;0;0;0;494
2;0;0;0;0;493
3;0;0;0;0;491
4;0;0;0;0;492
5;0;0;0;0;492
6;0;0;0;0;493
7;0;0;0;0;494
8;0;0;0;0;496
9;0;0;0;0;497
10;0;0;0;0;496
11;0;0;0;0;496
12;0;0;0;0;496
13;0;0;0;0;496
14;0;0;0;0;497
15;0;0;0;0;498
0;0;0;0;0;500
1;0;0;0;0;502
2;0;0;0;0;503
3;0;0;0;0;504
4;0;0;0;0;505
5;0;0;0;0;507
6;0;0;0;0;508
7;0;0;0;0;509
8;0;0;0;0;511
9;0;0;0;0;513
10;0;0;0;0;513
11;0;0;0;0;515
12;0;0;0;0;515
13;0;0;0;0;515
14;0;0;0;0;515
15;0;0;0;0;516
0;0;0;0;0;516
1;0;0;0;0;514
2;0;0;0;0;514
3;0;0;0;0;513
4;0;0;0;0;513
5;0;0;0;0;513
6;0;0;0;0;515
7;0;0;0;0;517
8;0;0;0;0;518
9;0;0;0;0;518
10;0;0;0;0;518
11;0;0;0;0;519
12;0;0;0;0;520
13;0;0;0;0;520
14;0;0;0;0;523
15;0;0;0;0;523
0;0;0;0;0;523
1;0;0;0;0;521
2;0;0;0;0;519
3;0;0;0;0;518
4;0;0;0;0;518
5;0;0;0;0;519
6;0;0;0;0;521
7;0;0;0;0;521
8;0;0;0;0;519
9;0;0;0;0;517
10;0;0;0;0;516
11;0;0;0;0;516
12;0;0;0;0;516
13;0;0;0;0;514
14;0;0;0;0;512
15;0;0;0;0;509
0;0;0;0;0;507
1;0;0;0;0;505
2;0;0;0;0;503
3;0;0;0;0;500
4;0;0;0;0;497
5;0;0;0;0;494
6;0;0;0;0;491
7;0;0;0;0;489
8;0;0;0;0;489
9;0;0;0;0;488
10;0;0;0;0;487
11;0;0;0;0;487
12;0;0;0;0;488
13;0;0;0;0;488
14;0;0;0;0;487
15;0;0;0;0;486
0;0;0;0;0;484
1;0;0;0;0;484
2;0;0;0;0;485
3;0;0;0;0;486
4;0;0;0;0;488
5;0;0;0;0;488
6;0;0;0;0;489
7;0;0;0;0;490
8;0;0;0;0;490
9;0;0;0;0;489
10;0;0;0;0;489
11;0;0;0;0;489
12;0;0;0;0;489
13;0;0;0;0;489
14;0;0;0;0;488
15;0;0;0;0;487
0;0;0;0;0;487
1;0;0;0;0;487
2;0;0;0;0;487
3;0;0;0;0;487
4;0;0;0;0;486
5;0;0;0;0;487
6;0;0;0;0;486
7;0;0;0;0;486
8;0;0;0;0;487
9;0;0;0;0;489
10;0;0;0;0;490
11;0;0;0;0;489
12;0;0;0;0;487
13;0;0;0;0;486
14;0;0;0;0;486
15;0;0;0;0;486
0;0;0;0;0;486
1;0;0;0;0;486
2;0;0;0;0;486
3;0;0;0;0;485
4;0;0;0;0;485
5;0;0;0;0;484
6;0;0;0;0;485
7;0;0;0;0;485
8;0;0;0;0;485
9;0;0;0;0;485
10;0;0;0;0;483
11;0;0;0;0;482
12;0;0;0;0;483
13;0;0;0;0;482
14;0;0;0;0;482
15;0;0;0;0;482
0;0;0;0;0;482
1;0;0;0;0;482
2;0;0;0;0;483
3;0;0;0;0;484
4;0;0;0;0;486
5;0;0;0;0;488
6;0;0;0;0;490
7;0;0;0;0;491
8;0;0;0;0;492
9;0;0;0;0;494
10;0;0;0;0;495
11;0;0;0;0;496
12;0;0;0;0;496
13;0;0;0;0;496
14;0;0;0;0;496
15;0;0;0;0;497
0;0;0;0;0;497
1;0;0;0;0;497
2;0;0;0;0;498
3;0;0;0;0;497
4;0;0;0;0;495
5;0;0;0;0;492
6;0;0;0;0;492
7;0;0;0;0;493
8;0;0;0;0;496
9;0;0;0;0;502
10;0;0;0;0;510
11;0;0;0;0;518
12;0;0;0;0;528
13;0;0;0;0;538
14;0;0;0;0;548
15;0;0;0;0;558
0;0;0;0;0;567
1;0;0;0;0;575
2;0;0;0;0;581
3;0;0;0;0;587
4;0;0;0;0;592
5;0;0;0;0;597
6;0;0;0;0;603
7;0;0;0;0;605
8;0;0;0;0;608
9;0;0;0;0;610
10;0;0;0;0;611
11;0;0;0;0;612
12;0;0;0;0;613
13;0;0;0;0;614
14;0;0;0;0;615
15;0;0;0;0;614
0;0;0;0;0;616
1;0;0;0;0;624
2;0;0;0;0;637
3;0;0;0;0;650
4;0;0;0;0;656
5;0;0;0;0;650
6;0;0;0;0;625
7;0;0;0;0;589
8;0;0;0;0;548
9;0;0;0;0;497
10;0;0;0;0;446
11;0;0;0;0;403
12;0;0;0;0;371
13;0;0;0;0;351
14;0;0;0;0;339
15;0;0;0;0;334
0;0;0;0;0;331
1;0;0;0;0;327
2;0;0;0;0;322
3;0;0;0;0;313
4;0;0;0;0;299
5;0;0;0;0;281
6;0;0;0;0;262
7;0;0;0;0;239
8;0;0;0;0;212
9;0;0;0;0;189
10;0;0;0;0;172
11;0;0;0;0;159
12;0;0;0;0;152
13;0;0;0;0;147
14;0;0;0;0;149
15;0;0;0;0;154
0;0;0;0;0;165
1;0;0;0;0;182
2;0;0;0;0;201
3;0;0;0;0;220
4;0;0;0;0;237
5;0;0;0;0;256
6;0;0;0;0;273
7;0;0;0;0;290
8;0;0;0;0;308
9;0;0;0;0;325
10;0;0;0;0;345
11;0;0;0;0;365
12;0;0;0;0;383
13;0;0;0;0;401
14;0;0;0;0;416
15;0;0;0;0;430
0;0;0;0;0;444
1;0;0;0;0;456
2;0;0;0;0;468
3;0;0;0;0;480
4;0;0;0;0;493
5;0;0;0;0;504
6;0;0;0;0;512
7;0;0;0;0;521
8;0;0;0;0;531
9;0;0;0;0;537
10;0;0;0;0;544
11;0;0;0;0;548
12;0;0;0;0;552
13;0;0;0;0;556
14;0;0;0;0;558
15;0;0;0;0;561
0;0;0;0;0;562
1;0;0;0;0;563
2;0;0;0;0;565
3;0;0;0;0;568
4;0;0;0;0;571
5;0;0;0;0;572
6;0;0;0;0;573
7;0;0;0;0;573
8;0;0;0;0;574
9;0;0;0;0;574
10;0;0;0;0;573
11;0;0;0;0;574
12;0;0;0;0;573
13;0;0;0;0;573
14;0;0;0;0;572
15;0;0;0;0;572
0;0;0;0;0;572
1;0;0;0;0;572
2;0;0;0;0;571
3;0;0;0;0;572
4;0;0;0;0;572
5;0;0;0;0;572
6;0;0;0;0;572
7;0;0;0;0;573
8;0;0;0;0;574
9;0;0;0;0;572
10;0;0;0;0;571
11;0;0;0;0;570
12;0;0;0;0;569
13;0;0;0;0;568
14;0;0;0;0;568
15;0;0;0;0;568
0;0;0;0;0;568
1;0;0;0;0;568
2;0;0;0;0;568
3;0;0;0;0;568
4;0;0;0;0;569
5;0;0;0;0;571
6;0;0;0;0;572
7;0;0;0;0;572
8;0;0;0;0;572
9;0;0;0;0;571
10;0;0;0;0;571
11;0;0;0;0;568
12;0;0;0;0;567
13;0;0;0;0;567
14;0;0;0;0;566
15;0;0;0;0;565
0;0;0;0;0;565
1;0;0;0;0;566
2;0;0;0;0;566
3;0;0;0;0;566
4;0;0;0;0;565
5;0;0;0;0;564
6;0;0;0;0;563
7;0;0;0;0;564
8;0;0;0;0;564
9;0;0;0;0;564
10;0;0;0;0;564
11;0;0;0;0;565
12;0;0;0;0;566
13;0;0;0;0;565
14;0;0;0;0;563
15;0;0;0;0;563
0;0;0;0;0;563
1;0;0;0;0;561
2;0;0;0;0;560
3;0;0;0;0;559
4;0;0;0;0;560
5;0;0;0;0;560
6;0;0;0;0;561
7;0;0;0;0;562
8;0;0;0;0;561
9;0;0;0;0;561
10;0;0;0;0;560
11;0;0;0;0;559
12;0;0;0;0;559
13;0;0;0;0;558
14;0;0;0;0;557
15;0;0;0;0;558
0;0;0;0;0;560
1;0;0;0;0;559
2;0;0;0;0;558
3;0;0;0;0;557
4;0;0;0;0;556
5;0;0;0;0;556
6;0;0;0;0;556
7;0;0;0;0;557
8;0;0;0;0;557
9;0;0;0;0;557
10;0;0;0;0;557
11;0;0;0;0;556
12;0;0;0;0;556
13;0;0;0;0;556
14;0;0;0;0;556
15;0;0;0;0;556
0;0;0;0;0;555
1;0;0;0;0;555
2;0;0;0;0;555
3;0;0;0;0;556
4;0;0;0;0;557
5;0;0;0;0;558
6;0;0;0;0;559
7;0;0;0;0;560
8;0;0;0;0;560
9;0;0;0;0;559
10;0;0;0;0;559
11;0;0;0;0;559
12;0;0;0;0;558
13;0;0;0;0;559
14;0;0;0;0;559
15;0;0;0;0;559
0;0;0;0;0;560
1;0;0;0;0;560
2;0;0;0;0;560
3;0;0;0;0;561
4;0;0;0;0;562
5;0;0;0;0;561
6;0;0;0;0;562
7;0;0;0;0;563
8;0;0;0;0;563
9;0;0;0;0;564
10;0;0;0;0;565
11;0;0;0;0;565
12;0;0;0;0;566
13;0;0;0;0;566
14;0;0;0;0;564
15;0;0;0;0;563
0;0;0;0;0;563
1;0;0;0;0;563
2;0;0;0;0;563
3;0;0;0;0;564
4;0;0;0;0;564
5;0;0;0;0;564
6;0;0;0;0;565
7;0;0;0;0;565
8;0;0;0;0;564
9;0;0;0;0;564
10;0;0;0;0;566
11;0;0;0;0;567
12;0;0;0;0;567
13;0;0;0;0;567
14;0;0;0;0;568
15;0;0;0;0;569
0;0;0;0;0;571
1;0;0;0;0;572
2;0;0;0;0;572
3;0;0;0;0;573
4;0;0;0;0;574
5;0;0;0;0;575
6;0;0;0;0;574
7;0;0;0;0;573
8;0;0;0;0;572
9;0;0;0;0;571
10;0;0;0;0;569
11;0;0;0;0;568
12;0;0;0;0;568
13;0;0;0;0;566
14;0;0;0;0;565
15;0;0;0;0;564
0;0;0;0;0;563
1;0;0;0;0;562
2;0;0;0;0;560
3;0;0;0;0;560
4;0;0;0;0;559
5;0;0;0;0;557
6;0;0;0;0;557
7;0;0;0;0;558
8;0;0;0;0;557
9;0;0;0;0;555
10;0;0;0;0;555
11;0;0;0;0;554
12;0;0;0;0;554
13;0;0;0;0;554
14;0;0;0;0;554
15;0;0;0;0;552
0;0;0;0;0;551
1;0;0;0;0;550
2;0;0;0;0;549
3;0;0;0;0;548
4;0;0;0;0;546
5;0;0;0;0;544
6;0;0;0;0;542
7;0;0;0;0;540
8;0;0;0;0;538
9;0;0;0;0;536
10;0;0;0;0;534
11;0;0;0;0;531
12;0;0;0;0;528
13;0;0;0;0;526
14;0;0;0;0;524
15;0;0;0;0;524
0;0;0;0;0;523
1;0;0;0;0;521
2;0;0;0;0;519
3;0;0;0;0;517
4;0;0;0;0;516
5;0;0;0;0;515
6;0;0;0;0;513
7;0;0;0;0;511
8;0;0;0;0;508
9;0;0;0;0;507
10;0;0;0;0;505
11;0;0;0;0;502
12;0;0;0;0;501
13;0;0;0;0;499
14;0;0;0;0;497
15;0;0;0;0;496
0;0;0;0;0;494
1;0;0;0;0;493
2;0;0;0;0;492
3;0;0;0;0;492
4;0;0;0;0;489
5;0;0;0;0;488
6;0;0;0;0;487
7;0;0;0;0;486
8;0;0;0;0;485
9;0;0;0;0;484
10;0;0;0;0;484
11;0;0;0;0;481
12;0;0;0;0;480
13;0;0;0;0;479
14;0;0;0;0;478
15;0;0;0;0;478
0;0;0;0;0;476
1;0;0;0;0;475
2;0;0;0;0;474
3;0;0;0;0;474
4;0;0;0;0;472
5;0;0;0;0;471
6;0;0;0;0;470
7;0;0;0;0;471
8;0;0;0;0;471
9;0;0;0;0;470
10;0;0;0;0;471
11;0;0;0;0;471
12;0;0;0;0;471
13;0;0;0;0;470
14;0;0;0;0;469
15;0;0;0;0;469
0;0;0;0;0;469
1;0;0;0;0;470
2;0;0;0;0;470
3;0;0;0;0;468
4;0;0;0;0;468
5;0;0;0;0;467
6;0;0;0;0;468
7;0;0;0;0;469
8;0;0;0;0;469
9;0;0;0;0;469
10;0;0;0;0;470
11;0;0;0;0;470
12;0;0;0;0;469
13;0;0;0;0;468
14;0;0;0;0;469
15;0;0;0;0;470
0;0;0;0;0;471
1;0;0;0;0;471
2;0;0;0;0;471
3;0;0;0;0;472
4;0;0;0;0;472
5;0;0;0;0;472
6;0;0;0;0;471
7;0;0;0;0;471
8;0;0;0;0;472
9;0;0;0;0;471
10;0;0;0;0;470
11;0;0;0;0;470
12;0;0;0;0;470
13;0;0;0;0;470
14;0;0;0;0;469
15;0;0;0;0;470
0;0;0;0;0;469
1;0;0;0;0;468
2;0;0;0;0;470
3;0;0;0;0;470
4;0;0;0;0;470
5;0;0;0;0;471
6;0;0;0;0;471
7;0;0;0;0;472
8;0;0;0;0;471
9;0;0;0;0;472
10;0;0;0;0;472
11;0;0;0;0;473
12;0;0;0;0;472
13;0;0;0;0;472
14;0;0;0;0;471
15;0;0;0;0;471
0;0;0;0;0;471
1;0;0;0;0;472
2;0;0;0;0;472
3;0;0;0;0;474
4;0;0;0;0;476
5;0;0;0;0;477
6;0;0;0;0;476
7;0;0;0;0;477
8;0;0;0;0;479
9;0;0;0;0;479
10;0;0;0;0;479
11;0;0;0;0;479
12;0;0;0;0;478
13;0;0;0;0;479
14;0;0;0;0;478
15;0;0;0;0;477
0;0;0;0;0;478
1;0;0;0;0;479
2;0;0;0;0;480
3;0;0;0;0;481
4;0;0;0;0;481
5;0;0;0;0;481
6;0;0;0;0;482
7;0;0;0;0;483
8;0;0;0;0;482
9;0;0;0;0;482
10;0;0;0;0;483
11;0;0;0;0;483
12;0;0;0;0;483
13;0;0;0;0;483
14;0;0;0;0;483
15;0;0;0;0;483
0;0;0;0;0;484
1;0;0;0;0;484
2;0;0;0;0;484
3;0;0;0;0;485
4;0;0;0;0;484
5;0;0;0;0;483
6;0;0;0;0;482
7;0;0;0;0;483
8;0;0;0;0;485
9;0;0;0;0;486
10;0;0;0;0;487
11;0;0;0;0;486
12;0;0;0;0;484
13;0;0;0;0;484
14;0;0;0;0;483
15;0;0;0;0;484
0;0;0;0;0;484
1;0;0;0;0;485
2;0;0;0;0;485
3;0;0;0;0;487
4;0;0;0;0;487
5;0;0;0;0;487
6;0;0;0;0;487
7;0;0;0;0;487
8;0;0;0;0;487
9;0;0;0;0;487
10;0;0;0;0;488
11;0;0;0;0;488
12;0;0;0;0;488
13;0;0;0;0;487
14;0;0;0;0;490
15;0;0;0;0;492
0;0;0;0;0;494
1;0;0;0;0;494
2;0;0;0;0;494
3;0;0;0;0;495
4;0;0;0;0;496
5;0;0;0;0;495
6;0;0;0;0;494
7;0;0;0;0;495
8;0;0;0;0;495
9;0;0;0;0;496
10;0;0;0;0;496
11;0;0;0;0;495
12;0;0;0;0;494
13;0;0;0;0;494
14;0;0;0;0;494
15;0;0;0;0;492
0;0;0;0;0;492
1;0;0;0;0;491
2;0;0;0;0;491
3;0;0;0;0;491
4;0;0;0;0;494
5;0;0;0;0;495
6;0;0;0;0;494
7;0;0;0;0;494
8;0;0;0;0;494
9;0;0;0;0;495
10;0;0;0;0;496
11;0;0;0;0;497
12;0;0;0;0;498
13;0;0;0;0;498
14;0;0;0;0;499
15;0;0;0;0;497
0;0;0;0;0;495
1;0;0;0;0;495
2;0;0;0;0;496
3;0;0;0;0;496
4;0;0;0;0;496
5;0;0;0;0;497
6;0;0;0;0;497
7;0;0;0;0;497
8;0;0;0;0;497
9;0;0;0;0;498
10;0;0;0;0;498
11;0;0;0;0;499
12;0;0;0;0;501
13;0;0;0;0;499
14;0;0;0;0;499
15;0;0;0;0;497
0;0;0;0;0;498
1;0;0;0;0;499
2;0;0;0;0;498
3;0;0;0;0;496
4;0;0;0;0;497
5;0;0;0;0;497
6;0;0;0;0;499
7;0;0;0;0;500
8;0;0;0;0;501
9;0;0;0;0;502
10;0;0;0;0;502
11;0;0;0;0;502
12;0;0;0;0;501
13;0;0;0;0;499
14;0;0;0;0;499
15;0;0;0;0;501
0;0;0;0;0;503
1;0;0;0;0;502
2;0;0;0;0;502
3;0;0;0;0;502
4;0;0;0;0;502
5;0;0;0;0;503
6;0;0;0;0;504
7;0;0;0;0;504
8;0;0;0;0;504
9;0;0;0;0;505
10;0;0;0;0;508
11;0;0;0;0;510
12;0;0;0;0;511
13;0;0;0;0;512
14;0;0;0;0;513
15;0;0;0;0;514
0;0;0;0;0;514
1;0;0;0;0;513
2;0;0;0;0;514
3;0;0;0;0;515
4;0;0;0;0;514
5;0;0;0;0;516
6;0;0;0;0;518
7;0;0;0;0;521
8;0;0;0;0;523
9;0;0;0;0;524
10;0;0;0;0;525
11;0;0;0;0;525
12;0;0;0;0;525
13;0;0;0;0;526
14;0;0;0;0;525
15;0;0;0;0;524
0;0;0;0;0;521
1;0;0;0;0;519
2;0;0;0;0;517
3;0;0;0;0;518
4;0;0;0;0;518
5;0;0;0;0;518
6;0;0;0;0;518
7;0;0;0;0;516
8;0;0;0;0;516
9;0;0;0;0;518
10;0;0;0;0;520
11;0;0;0;0;522
12;0;0;0;0;524
13;0;0;0;0;525
14;0;0;0;0;524
15;0;0;0;0;520
0;0;0;0;0;518
1;0;0;0;0;515
2;0;0;0;0;513
3;0;0;0;0;510
4;0;0;0;0;505
5;0;0;0;0;500
6;0;0;0;0;496
7;0;0;0;0;492
8;0;0;0;0;491
9;0;0;0;0;490
10;0;0;0;0;488
11;0;0;0;0;488
12;0;0;0;0;488
13;0;0;0;0;487
14;0;0;0;0;486
15;0;0;0;0;486
0;0;0;0;0;486
1;0;0;0;0;485
2;0;0;0;0;485
3;0;0;0;0;486
4;0;0;0;0;486
5;0;0;0;0;487
6;0;0;0;0;487
7;0;0;0;0;488
8;0;0;0;0;489
9;0;0;0;0;490
10;0;0;0;0;491
11;0;0;0;0;492
12;0;0;0;0;492
13;0;0;0;0;491
14;0;0;0;0;488
15;0;0;0;0;486
0;0;0;0;0;486
1;0;0;0;0;488
2;0;0;0;0;490
3;0;0;0;0;492
4;0;0;0;0;492
5;0;0;0;0;493
6;0;0;0;0;493
7;0;0;0;0;492
8;0;0;0;0;491
9;0;0;0;0;489
10;0;0;0;0;486
11;0;0;0;0;485
12;0;0;0;0;485
13;0;0;0;0;486
14;0;0;0;0;486
15;0;0;0;0;485
0;0;0;0;0;483
1;0;0;0;0;482
2;0;0;0;0;484
3;0;0;0;0;485
4;0;0;0;0;486
5;0;0;0;0;487
6;0;0;0;0;487
7;0;0;0;0;489
8;0;0;0;0;489
9;0;0;0;0;491
10;0;0;0;0;492
11;0;0;0;0;494
12;0;0;0;0;495
13;0;0;0;0;495
14;0;0;0;0;496
15;0;0;0;0;499
0;0;0;0;0;500
1;0;0;0;0;500
2;0;0;0;0;500
3;0;0;0;0;500
4;0;0;0;0;499
5;0;0;0;0;498
6;0;0;0;0;496
7;0;0;0;0;494
8;0;0;0;0;492
9;0;0;0;0;492
10;0;0;0;0;494
11;0;0;0;0;495
12;0;0;0;0;495
13;0;0;0;0;495
14;0;0;0;0;494
15;0;0;0;0;494
0;0;0;0;0;493
1;0;0;0;0;493
2;0;0;0;0;494
3;0;0;0;0;494
4;0;0;0;0;494
5;0;0;0;0;494
6;0;0;0;0;496
7;0;0;0;0;497
8;0;0;0;0;500
9;0;0;0;0;504
10;0;0;0;0;508
11;0;0;0;0;514
12;0;0;0;0;520
13;0;0;0;0;529
14;0;0;0;0;538
15;0;0;0;0;549
0;0;0;0;0;560
1;0;0;0;0;568
2;0;0;0;0;576
